751
125
933
660
196
741
523
773
146
577
721
587
23
985
963
808
52
725
246
513
876
83
743
783
937
184
880
150
386
354
987
982
316
876
759
883
476
125
34
958
626
466
736
881
788
605
779
525
498
176
539
122
214
516
997
574
156
567
321
275
791
401
951
976
360
552
426
469
882
321
76
13
284
240
532
36
653
242
35
961
383
386
297
527
305
384
726
523
353
178
859
671
158
637
671
107
492
935
277
518
111
414
873
937
898
29
502
443
731
369
25
598
143
582
400
731
251
400
822
581
237
879
371
102
565
507
170
945
537
661
731
9
508
246
951
91
785
700
583
825
668
451
512
960
870
72
889
188
392
382
45
410
713
541
799
316
519
769
443
869
529
495
200
49
246
269
749
318
870
20
74
844
555
699
550
784
737
182
577
652
711
263
104
361
247
44
611
470
394
501
322
907
766
894
564
171
277
535
15
738
172
142
533
255
244
592
237
211
183
956
381
9
214
994
365
578
285
502
400
237
324
664
217
505
573
257
895
797
145
290
932
567
994
713
788
257
298
154
434
545
852
741
813
32
38
788
600
422
613
800
743
238
312
157
170
552
582
605
81
652
450
576
747
192
390
290
919
1
758
591
449
156
244
528
175
180
637
775
827
841
581
300
811
21
924
217
262
4
602
411
26
940
858
66
322
949
189
91
60
499
558
340
326
869
809
221
804
359
685
314
456
785
822
216
417
565
246
779
185
189
639
134
776
644
104
485
703
957
492
125
329
195
422
2
158
204
214
658
925
805
148
1000
250
191
489
486
564
585
493
946
145
943
284
149
59
806
593
74
122
58
398
122
314
600
248
330
16
101
260
990
687
72
468
749
513
175
739
172
392
502
431
939
914
10
311
852
999
570
761
448
148
293
548
111
822
122
38
739
854
911
580
362
228
89
219
569
81
83
591
433
350
9
871
194
9
929
434
726
762
273
37
475
689
74
555
762
897
346
979
345
215
176
556
126
37
825
309
583
435
732
98
951
189
291
613
840
496
561
385
628
300
863
307
652
317
935
417
853
364
309
839
810
79
61
114
987
805
479
268
859
364
727
303
648
47
333
113
395
317
392
766
387
580
32
206
630
881
229
442
91
432
827
295
577
409
89
926
679
348
922
18
393
437
167
293
468
391
537
852
387
984
863
190
814
989
896
175
47
556
469
762
133
891
824
48
463
157
386
989
31
376
607
716
888
396
968
3
863
132
8
805
797
308
682
697
331
370
158
943
221
800
269
754
851
671
384
183
469
438
842
696
429
235
85
448
43
195
59
530
769
622
98
814
386
292
826
433
803
341
604
221
570
19
478
7
733
264
723
549
109
136
49
365
357
878
208
798
806
16
958
70
617
258
719
879
977
948
362
330
365
814
477
465
10
855
199
121
594
973
506
482
746
771
423
989
564
915
835
982
749
807
704
284
17
50
149
472
292
921
116
525
329
990
517
408
540
380
220
779
877
933
809
705
987
832
880
782
286
651
753
411
195
124
148
660
973
699
314
360
256
850
635
432
127
876
147
389
15
843
979
541
308
463
892
822
844
737
88
334
496
259
972
807
562
785
819
316
706
808
332
537
101
768
805
535
272
928
612
697
34
823
915
637
323
693
850
45
738
835
941
779
817
571
515
594
457
776
985
902
910
890
224
111
429
791
835
116
787
677
960
413
384
993
233
609
320
767
825
273
223
385
85
186
183
985
187
583
279
971
284
223
637
259
395
178
303
293
842
109
725
189
406
226
186
927
89
806
436
33
383
277
12
876
974
269
420
599
726
365
191
90
794
205
484
948
701
730
465
570
2
144
636
650
111
210
264
997
321
122
502
928
233
875
775
252
972
204
206
16
368
359
157
509
528
568
533
206
32
907
677
959
490
239
591
757
601
218
156
839
834
676
208
345
258
760
257
605
803
726
960
722
764
13
333
283
417
313
240
672
873
979
395
314
299
565
959
462
160
124
105
220
195
359
733
904
190
911
634
114
801
533
472
75
575
702
624
422
75
577
845
995
818
706
191
361
153
960
120
420
212
37
413
413
330
757
405
648
711
852
506
249
812
917
813
930
105
386
579
226
848
326
331
429
298
280
916
978
151
377
903
24
18
744
418
381
975
105
532
572
152
965
855
897
343
611
704
992
994
216
660
245
712
481
336
774
227
269
622
722
127
552
631
9
560
737
340
387
900
90
442
423
677
889
386
466
155
590
811
965
107
899
972
381
791
11
295
481
735
3
3
251
486
644
683
29
855
650
22
932
216
769
448
189
53
148
720
77
203
58
908
39
431
215
140
536
320
707
864
97
39
105
473
477
402
345
619
77
98
606
178
273
145
677
48
559
106
983
238
987
870
107
239
862
938
245
612
763
311
708
534
830
753
523
135
595
558
247
88
405
623
604
181
460
122
637
373
926
319
714
944
687
223
780
752
860
988
904
259
363
503
728
903
993
253
12
730
133
932
664
267
510
388
451
217
915
319
209
407
740
812
739
151
344
512
799
492
564
613
963
812
987
180
540
460
481
101
608
592
456
422
418
361
208
225
105
1
602
698
143
310
926
653
228
689
635
932
922
626
401
338
611
919
267
975
942
317
13
426
657
134
754
182
356
96
127
554
421
793
576
491
372
170
874
737
461
650
955
876
748
522
999
409
878
569
231
204
798
616
819
360
706
542
394
255
418
15
550
915
574
393
437
659
199
469
910
964
333
302
971
197
612
354
852
157
701
524
301
200
938
712
802
926
808
883
39
187
74
668
431
29
836
689
312
95
157
966
380
162
159
651
410
521
394
866
710
20
122
969
914
551
461
846
245
90
101
40
168
855
33
484
124
710
511
716
647
200
69
907
631
779
184
639
762
391
923
351
9
92
913
32
103
980
118
358
250
140
645
732
616
260
997
882
427
392
673
380
3
996
307
473
667
569
332
519
613
307
607
206
384
603
414
371
60
474
9
374
326
120
836
146
306
931
245
665
692
755
999
404
853
663
134
825
493
116
998
483
430
223
406
920
126
894
649
173
692
233
66
345
642
354
512
427
582
398
478
460
338
641
727
111
353
296
959
546
991
774
879
57
627
324
415
208
225
884
661
466
432
191
247
975
984
18
339
972
429
147
571
451
749
706
420
737
929
780
712
974
582
612
18
209
237
997
366
855
248
252
995
205
317
443
840
861
764
515
710
749
991
48
718
378
506
885
785
805
57
350
390
936
123
392
474
769
881
634
792
646
285
467
867
137
974
388
514
928
686
482
143
501
268
390
49
918
445
720
747
91
84
721
685
354
998
93
962
795
445
478
347
606
562
942
109
376
240
175
184
126
999
152
564
875
383
293
715
177
874
771
73
254
635
569
523
93
922
317
362
513
913
498
511
327
304
739
315
967
275
239
93
138
352
119
419
431
579
971
90
548
367
629
327
146
266
593
546
96
513
830
231
425
575
96
816
946
249
143
435
674
142
759
48
695
288
963
201
63
843
337
980
928
146
400
112
717
951
851
56
897
491
280
983
102
960
163
675
731
83
715
707
676
488
879
137
508
547
783
24
356
112
44
181
249
181
165
724
270
676
31
709
399
425
882
523
739
133
37
896
832
226
478
154
212
329
74
455
630
322
575
935
301
736
197
138
761
122
713
9
537
8
276
813
738
71
159
81
692
464
416
861
103
456
344
740
247
137
458
346
198
420
95
329
684
453
787
209
663
523
857
181
665
198
841
101
106
561
75
282
654
893
864
740
904
503
383
249
774
406
325
90
299
806
967
799
982
457
12
196
419
901
745
601
878
940
413
144
959
169
951
410
135
778
689
582
138
119
745
321
914
228
984
179
773
102
685
308
664
723
280
254
37
450
350
736
65
363
533
479
379
701
434
788
560
534
736
259
113
200
283
968
388
242
767
861
134
475
773
225
815
137
163
671
89
965
682
975
30
534
698
612
816
938
200
638
12
974
289
243
383
521
617
416
381
776
892
119
109
185
448
443
864
665
928
926
700
672
1
922
819
494
550
231
235
200
295
254
830
846
495
46
758
133
960
109
166
339
240
660
419
940
809
314
335
416
423
596
899
34
350
348
379
418
305
713
548
612
942
692
714
275
825
151
949
175
777
971
369
907
929
400
174
933
923
105
945
205
703
588
307
483
382
969
838
293
937
245
133
911
264
899
837
336
205
157
315
203
905
988
586
548
401
822
245
892
388
699
4
441
901
454
706
583
917
133
66
80
621
847
936
611
607
501
408
631
31
452
640
886
12
867
588
719
270
641
133
652
706
970
946
156
528
606
404
357
175
959
170
437
275
775
182
928
742
224
699
135
296
587
460
318
618
999
595
840
240
344
946
148
123
246
240
236
990
613
737
688
587
703
818
573
433
477
655
164
921
893
671
222
969
838
912
669
658
72
843
167
285
716
321
364
831
882
70
930
831
985
635
50
3
70
695
986
543
538
144
84
141
958
615
914
805
856
678
999
546
958
980
505
409
987
952
698
489
985
542
258
400
752
433
313
971
382
514
80
692
541
146
744
621
215
839
832
107
436
438
256
843
122
568
134
264
924
766
235
878
702
770
166
396
909
792
414
233
179
978
975
372
367
495
164
39
107
598
23
728
195
799
4
497
646
695
180
882
961
656
845
700
3
705
415
357
327
824
90
830
277
803
739
740
770
670
828
441
411
505
144
351
365
195
365
106
612
407
121
788
991
602
812
672
106
850
619
256
515
857
757
848
977
988
320
329
158
171
404
139
663
827
462
731
754
687
541
440
518
818
883
797
294
538
88
653
208
14
112
580
175
472
651
34
370
701
693
10
91
157
362
363
880
451
18
632
39
763
243
727
893
772
414
571
235
94
508
136
478
242
145
66
807
919
919
604
562
485
533
190
789
916
97
52
85
925
841
38
461
130
777
476
830
293
264
786
698
76
94
838
576
104
148
958
137
791
105
104
459
327
948
481
616
965
932
255
158
311
226
185
830
81
678
373
277
169
649
708
681
47
872
707
832
225
91
309
205
874
70
477
288
427
857
635
543
657
115
989
551
303
146
325
801
292
579
533
712
767
81
637
576
797
706
460
713
299
459
181
969
774
645
672
51
734
771
460
578
413
44
196
991
881
428
968
591
755
875
696
277
760
854
551
139
518
640
12
692
449
575
88
611
565
709
5
740
216
316
992
268
222
113
820
139
845
233
485
139
884
89
143
500
560
613
447
724
487
80
138
188
843
987
1000
409
251
269
375
590
289
754
684
973
306
84
494
811
626
820
176
163
230
141
684
128
970
632
496
554
219
985
337
442
604
712
635
794
817
29
669
906
423
186
431
937
754
934
250
261
686
926
49
170
552
493
868
770
604
650
950
626
764
251
278
66
262
773
610
868
559
299
352
710
703
332
517
918
53
566
786
810
821
307
176
409
111
766
93
645
58
456
53
305
552
474
808
86
911
639
366
895
580
786
980
940
236
810
446
261
489
151
68
68
222
944
146
298
209
1000
191
734
1
328
457
24
571
454
458
168
873
487
739
513
427
780
268
969
91
800
421
530
983
790
46
660
867
845
883
416
439
806
124
606
343
528
933
706
273
405
507
656
496
728
390
147
71
905
281
220
90
107
640
434
731
667
239
716
102
184
14
387
364
351
759
623
311
493
167
493
794
540
394
488
501
326
11
116
832
637
919
274
909
749
540
679
85
496
80
175
357
996
126
920
683
663
127
143
125
701
618
819
981
407
861
751
797
852
607
993
116
75
879
200
510
746
985
568
350
933
316
31
864
465
906
117
613
527
290
545
778
788
986
97
937
52
188
269
670
327
809
378
212
312
490
936
843
808
733
86
402
825
627
701
368
544
998
492
406
735
100
856
176
442
826
81
892
3
452
144
560
835
583
94
862
736
725
952
627
783
428
949
5
291
852
520
615
160
290
498
637
231
687
827
318
281
622
656
429
967
325
591
764
367
759
415
504
900
451
401
269
51
572
399
944
66
675
312
33
319
376
451
698
895
681
323
828
483
113
248
613
501
355
56
933
759
261
776
76
912
702
670
377
659
215
828
360
16
511
236
787
359
693
204
825
361
855
183
29
851
515
964
915
663
892
746
843
145
556
238
293
691
210
593
980
177
356
685
185
949
347
536
752
195
622
460
921
130
709
708
434
77
561
985
88
623
854
125
788
384
235
588
663
551
650
128
963
423
154
625
917
920
199
922
424
515
266
649
854
302
846
660
938
706
198
987
698
73
649
191
62
367
450
389
307
843
755
696
1000
675
315
477
748
855
449
256
452
853
784
941
920
990
452
727
117
48
120
886
464
146
480
825
913
94
641
630
277
867
456
414
776
370
547
33
53
694
349
472
218
731
981
163
494
181
980
755
86
849
544
658
958
570
16
817
560
965
686
589
570
257
569
558
564
794
869
500
769
437
398
697
385
640
875
449
129
756
51
519
461
748
146
296
416
570
74
615
350
557
462
350
816
956
691
392
391
189
198
501
495
484
457
51
827
955
287
248
773
669
138
926
978
21
96
567
618
205
489
443
22
685
1
768
342
604
313
515
556
564
435
682
237
644
448
436
160
783
305
658
394
518
725
712
616
631
238
322
531
759
244
264
90
90
896
410
537
999
332
199
137
807
393
340
794
112
903
863
512
951
678
690
390
52
793
570
694
430
975
314
426
545
512
542
823
562
680
347
181
692
493
627
273
918
51
526
435
359
444
689
583
445
532
139
985
614
894
110
810
697
109
832
914
502
538
79
309
540
75
256
350
821
482
716
303
563
158
236
919
426
715
16
356
150
977
979
835
755
601
872
337
824
704
885
966
768
88
567
335
502
1000
609
235
107
608
237
416
558
71
104
477
926
872
17
429
7
765
690
333
497
156
954
22
384
70
42
762
688
901
82
328
184
270
569
713
658
857
422
997
167
865
906
118
186
513
176
838
825
136
889
680
906
812
672
365
922
781
995
175
415
850
485
394
148
486
199
586
731
608
769
931
407
674
48
408
454
150
828
997
535
853
200
597
358
551
90
911
90
157
508
689
673
437
25
356
225
316
589
764
417
629
323
520
509
803
681
425
663
633
885
638
688
228
33
263
781
347
130
852
902
247
46
247
435
43
282
643
380
836
916
242
58
561
758
423
601
356
804
146
891
192
351
130
649
954
266
578
396
820
29
7
30
491
65
435
397
4
90
845
324
788
120
137
975
781
342
123
754
306
322
303
212
616
750
518
362
683
26
324
912
144
116
586
787
463
808
76
188
956
271
451
708
330
744
410
313
449
146
410
544
255
658
755
154
780
933
785
761
297
899
349
976
841
444
419
433
144
961
905
630
377
888
526
865
290
573
362
696
914
851
935
900
811
523
556
822
251
533
41
575
86
299
673
202
163
990
457
784
989
10
983
651
50
681
338
506
210
497
338
379
111
980
797
540
381
677
298
17
11
226
105
654
105
833
382
66
86
994
679
127
577
858
209
388
458
89
168
533
103
687
976
444
654
403
440
550
868
765
336
759
414
606
774
198
268
555
291
499
491
786
357
261
322
498
505
574
499
673
458
383
571
691
971
479
939
634
392
992
237
930
618
395
525
114
755
510
88
557
350
373
59
23
149
281
690
649
289
384
622
553
707
992
201
308
714
832
196
923
939
665
1
292
446
284
181
116
635
35
688
728
115
679
926
762
956
400
145
575
20
357
498
111
654
466
389
69
698
938
509
603
728
556
419
734
706
626
634
767
5
858
720
40
236
631
960
945
370
916
634
970
922
26
254
696
986
418
1
886
901
444
187
171
475
416
476
350
587
272
111
173
81
79
171
992
83
244
677
643
845
314
82
459
597
211
338
426
538
532
13
395
657
258
611
398
834
514
151
790
158
795
612
971
560
866
604
139
796
625
293
592
60
736
674
428
713
387
448
564
101
339
346
497
624
13
843
21
379
668
721
943
977
86
709
461
196
260
367
902
691
407
895
245
807
412
269
432
940
463
8
988
796
903
495
265
309
397
158
20
878
330
17
266
56
536
7
694
531
719
406
289
478
844
52
354
310
468
827
834
356
807
329
230
633
115
405
441
532
245
193
375
442
520
665
417
826
237
570
270
56
494
642
126
758
509
564
521
723
380
688
148
142
952
262
831
704
972
452
861
979
851
171
616
881
332
518
709
757
644
943
583
297
809
337
467
761
920
811
427
649
429
993
609
986
725
700
643
623
734
86
401
249
161
151
120
930
498
880
42
336
887
474
270
972
600
954
834
182
273
540
674
525
42
920
846
404
204
28
344
146
773
168
559
655
226
799
616
913
809
213
815
256
810
4
137
850
910
883
206
146
270
29
95
95
451
321
481
208
982
717
921
744
977
657
683
616
143
361
515
341
274
965
956
575
657
973
220
42
668
346
121
543
512
318
761
358
902
299
205
495
998
304
215
732
327
419
898
85
116
265
533
150
934
153
330
409
162
505
585
533
254
403
143
261
82
994
432
683
555
41
927
836
186
819
242
625
870
18
688
748
677
303
488
690
638
420
156
50
788
881
638
587
403
331
632
148
843
680
943
684
453
70
645
537
609
170
805
809
938
812
216
878
267
321
390
539
560
2
463
134
265
514
338
691
171
265
556
830
699
464
498
983
521
696
960
485
691
746
891
113
227
624
240
488
790
531
44
581
490
257
790
575
144
705
862
774
419
512
841
244
264
951
911
249
990
853
572
395
840
78
51
44
741
462
637
938
261
913
469
772
320
102
72
671
221
274
164
384
400
347
524
795
470
164
489
335
586
475
10
63
928
30
130
780
395
485
718
964
462
921
255
808
713
589
84
344
975
845
365
697
938
438
227
2
978
575
173
135
888
456
676
875
731
817
150
679
29
306
602
685
838
775
748
54
84
326
969
332
223
195
662
62
30
186
367
150
110
377
861
997
725
551
837
47
770
625
71
496
798
785
360
625
997
712
231
699
989
48
515
771
648
210
169
519
535
767
560
120
451
130
286
880
746
383
706
987
541
692
967
38
702
857
939
771
580
792
676
163
940
132
296
961
271
853
662
832
94
915
96
380
658
816
111
695
769
984
466
924
984
207
61
800
689
311
791
271
249
880
844
429
155
688
145
361
452
172
958
806
107
32
974
235
503
827
92
704
667
637
713
39
719
354
861
637
540
677
761
479
229
59
62
659
379
87
543
1
401
726
765
450
202
526
190
535
45
65
867
329
899
347
418
558
375
926
986
720
750
787
118
84
597
379
322
489
88
504
954
716
566
457
31
676
697
143
906
106
599
42
936
748
624
331
739
100
683
70
400
394
212
918
92
235
302
607
810
277
766
597
759
256
271
500
815
230
370
933
520
29
495
711
193
313
564
779
365
530
680
698
62
811
59
933
943
876
705
528
346
671
669
223
983
624
887
45
353
303
325
263
175
831
481
892
655
158
756
379
679
731
327
292
52
723
110
70
19
918
116
703
715
703
254
627
238
656
855
611
965
105
641
801
689
426
263
940
788
971
685
734
900
205
605
6
842
502
405
974
385
258
725
142
817
4
928
295
286
421
705
74
10
135
539
948
235
868
977
891
371
649
535
663
436
935
834
715
102
77
405
822
666
503
167
554
644
226
684
689
603
351
317
892
903
845
239
880
905
660
567
761
472
674
592
74
787
56
525
436
188
895
972
240
121
773
314
667
71
203
534
54
907
158
913
979
106
371
149
385
19
360
465
555
76
970
966
536
466
377
777
138
204
72
406
691
126
603
213
862
491
776
656
458
66
929
777
49
452
473
806
645
66
63
719
855
991
16
389
991
105
612
854
426
159
223
545
393
172
713
961
968
410
976
323
900
588
753
329
981
911
830
762
499
413
437
803
335
801
906
441
7
246
868
530
195
646
576
148
152
20
800
664
530
236
486
360
184
203
92
396
798
418
846
435
323
183
908
137
122
187
575
4
287
371
765
6
902
499
275
744
270
472
661
21
232
252
95
714
145
878
419
932
804
52
296
650
328
104
423
765
977
519
225
192
354
155
543
267
31
703
102
121
47
915
609
762
576
713
244
588
399
712
916
165
841
479
614
91
786
875
877
287
831
182
34
201
357
706
17
337
823
87
585
172
777
176
284
446
381
350
792
656
686
806
917
68
848
336
267
484
280
158
243
874
289
359
510
704
58
16
6
102
177
406
92
639
299
43
353
482
445
761
982
552
681
909
25
989
937
450
806
662
148
566
147
476
861
314
313
169
285
646
179
479
626
836
185
877
740
851
154
819
290
897
582
988
496
879
486
927
601
815
946
310
403
128
241
502
345
279
983
169
679
434
698
372
317
809
948
599
90
581
87
759
732
996
230
354
350
625
940
83
346
68
748
418
230
351
114
997
903
859
315
1000
635
266
872
294
680
222
635
520
560
438
793
406
366
487
169
416
99
113
449
855
806
585
798
893
875
589
846
972
699
217
972
169
786
68
255
376
817
373
209
828
877
168
26
976
947
477
997
787
773
801
627
15
507
80
204
50
494
383
753
99
603
347
615
489
393
933
473
477
768
124
193
984
104
874
325
977
904
292
285
508
477
682
47
12
359
285
341
978
536
992
372
103
583
53
949
487
855
312
487
980
873
454
184
206
938
436
152
587
149
434
435
335
981
829
265
505
66
853
220
317
994
603
299
562
127
890
1
13
713
929
624
424
210
646
161
211
907
199
971
337
62
749
710
107
411
977
584
154
746
923
719
636
237
280
839
465
422
901
189
549
252
112
310
719
548
958
219
12
680
279
523
510
435
819
641
135
566
621
745
126
294
280
179
88
584
411
10
673
268
190
727
118
687
81
98
154
787
246
193
774
182
819
167
841
399
911
552
542
58
666
11
150
172
846
515
131
438
394
832
807
406
42
806
757
415
790
453
139
183
738
186
247
242
310
50
894
286
15
207
390
65
597
556
298
323
156
56
458
866
350
267
808
766
520
46
837
380
921
404
509
58
357
8
484
776
735
460
636
76
687
278
724
254
995
933
224
842
512
276
333
75
937
53
260
461
407
29
324
72
202
26
638
847
159
891
242
712
965
269
807
515
246
564
191
839
667
462
454
957
401
603
350
357
795
288
661
162
579
826
848
330
797
536
307
503
716
484
631
222
818
831
657
112
997
984
148
863
914
434
975
127
905
740
984
552
782
488
19
685
957
861
971
410
579
807
256
880
738
85
734
142
416
689
498
287
477
731
652
822
751
925
733
99
299
141
553
794
519
826
716
514
124
413
841
563
718
853
586
898
314
245
405
752
184
348
139
416
49
579
712
544
224
973
927
64
579
979
541
754
471
286
179
870
735
673
256
775
124
120
84
392
522
298
964
803
882
808
243
935
385
602
697
779
672
370
213
806
73
295
170
380
601
940
456
773
706
490
56
61
563
532
852
350
92
489
652
309
145
213
608
5
408
178
479
54
786
974
157
331
172
574
591
795
980
763
195
698
208
8
5
878
415
964
898
137
205
256
509
161
918
529
734
610
110
694
780
91
430
297
419
271
614
377
650
88
727
25
848
623
152
922
991
561
132
378
19
70
328
58
332
882
98
202
773
330
476
225
605
540
634
807
396
335
711
20
163
181
806
276
647
457
283
140
962
67
927
776
871
904
453
62
60
185
54
907
904
313
800
681
527
545
637
318
243
375
209
160
542
779
580
290
100
620
403
474
966
886
311
393
1
741
179
752
450
141
434
598
441
944
814
62
713
982
252
133
287
367
192
899
548
993
411
197
543
719
560
973
174
714
974
229
610
499
337
360
667
888
491
877
399
192
618
493
385
465
279
924
809
853
404
262
711
173
331
536
277
532
600
421
238
453
740
982
183
488
17
67
936
766
590
54
967
228
774
692
499
40
637
284
997
299
122
618
827
845
529
457
263
829
68
154
499
558
892
970
859
891
929
526
796
599
805
896
164
21
2
713
400
339
887
14
274
165
520
591
245
329
364
888
866
386
425
655
937
24
135
882
673
397
751
312
356
607
545
950
968
76
666
292
505
772
332
154
940
990
474
915
974
370
599
961
435
21
934
76
827
143
138
177
446
763
485
981
391
742
818
176
515
927
492
119
635
963
934
162
393
986
126
953
177
425
468
355
470
228
696
790
322
696
432
10
516
149
776
249
74
534
925
258
237
276
968
379
778
159
456
333
558
499
630
336
937
215
884
499
846
124
347
878
111
183
303
290
927
180
848
561
736
544
746
18
541
463
759
791
556
816
377
424
217
634
274
568
404
792
903
850
807
826
255
863
654
924
34
862
1
849
765
18
673
263
933
952
643
430
57
1000
212
402
820
128
500
701
180
111
665
417
100
438
267
956
574
647
950
698
256
563
116
173
151
828
419
597
955
666
346
273
255
263
154
879
623
699
790
738
359
854
5
782
116
3
557
357
395
374
427
728
555
752
416
94
849
736
39
302
737
625
487
328
352
334
653
201
544
564
952
873
748
449
592
492
521
845
784
707
413
429
101
761
506
288
979
375
274
768
588
992
160
401
550
864
233
154
839
854
825
51
838
826
489
276
292
264
884
400
715
358
871
884
357
147
218
344
527
702
17
490
795
952
544
802
173
393
87
550
579
865
275
895
580
672
552
347
827
512
689
383
844
396
416
653
282
827
705
528
157
146
137
727
499
665
994
74
133
920
240
600
737
940
129
895
201
271
76
720
14
583
998
60
609
195
791
695
468
253
334
566
710
694
743
19
122
663
484
903
697
838
389
800
296
610
157
646
509
88
472
364
98
131
934
93
865
286
420
978
839
731
785
5
226
899
773
609
301
10
717
160
979
815
474
626
661
165
993
859
584
474
27
663
952
478
595
537
777
394
466
570
525
631
896
64
322
434
598
498
701
980
764
895
471
855
351
362
372
98
608
461
213
589
316
444
662
870
968
676
264
3
225
217
212
85
340
980
406
734
481
327
395
709
293
721
691
45
264
4
865
838
990
872
326
860
194
228
774
84
170
574
141
341
112
649
250
705
110
494
437
558
660
425
161
901
484
321
567
819
358
188
647
958
932
677
27
202
597
987
674
644
967
852
985
777
197
30
757
32
960
786
855
715
735
399
695
662
662
350
959
672
509
510
455
473
318
33
350
602
389
416
995
146
474
28
212
71
215
333
441
885
168
1000
766
183
957
449
197
218
392
912
972
442
716
391
997
413
327
877
830
677
963
791
295
699
515
860
477
907
910
347
102
506
834
314
77
877
27
914
500
607
674
459
17
335
362
882
780
632
386
791
636
816
268
603
166
898
871
920
275
683
294
960
321
654
393
579
193
617
292
45
263
794
848
919
941
334
582
242
695
179
651
212
620
97
881
632
368
570
153
77
330
861
652
62
56
82
406
681
853
499
797
14
773
491
994
153
631
729
865
591
328
672
562
122
981
848
357
101
413
906
711
494
422
842
664
26
110
540
238
695
401
377
31
185
210
492
950
230
137
246
189
547
962
57
216
374
773
385
896
68
972
810
23
316
474
712
563
588
29
25
157
55
558
340
75
556
479
750
410
520
781
723
366
757
611
545
759
437
611
782
391
848
479
436
313
765
795
998
470
651
921
222
749
42
853
303
811
3
578
706
353
746
372
630
559
304
539
862
747
255
395
849
126
207
650
548
173
140
143
69
798
70
580
763
476
28
187
589
672
66
724
408
21
973
894
832
318
8
183
707
105
869
957
29
703
245
581
3
515
229
370
728
366
340
107
921
847
871
187
314
679
784
169
349
784
321
92
148
982
998
717
667
486
818
531
474
570
292
969
889
557
227
881
124
311
800
594
557
557
498
357
847
316
974
697
843
335
987
919
515
846
506
934
439
878
754
874
644
230
613
833
714
109
523
15
868
945
758
272
774
656
750
24
773
718
665
334
427
992
54
239
12
686
377
421
939
360
119
434
664
549
589
819
913
261
45
585
816
251
967
97
169
127
592
690
63
266
957
139
583
219
89
148
530
605
90
440
395
419
293
950
982
288
836
403
472
886
825
22
136
484
75
863
371
487
526
789
707
271
637
480
323
814
409
589
473
227
524
36
919
213
567
584
354
548
113
260
849
750
190
510
97
65
861
788
275
813
764
911
261
916
896
997
194
278
813
585
689
920
680
861
90
497
920
184
565
200
704
814
72
237
780
303
529
469
559
815
874
354
927
746
521
778
837
918
40
322
888
939
615
701
961
670
154
41
206
260
948
156
760
141
416
625
781
272
402
617
286
152
450
632
711
979
141
645
123
847
714
481
703
607
628
403
105
392
536
531
519
152
220
145
923
919
720
275
646
532
432
953
559
682
39
501
761
900
909
735
658
800
102
658
988
744
527
812
647
149
3
710
141
987
834
360
544
450
875
958
732
170
333
317
246
97
427
66
99
173
160
866
418
613
393
822
460
630
804
422
715
188
126
952
55
715
207
401
319
699
748
613
655
824
710
725
187
768
143
793
154
944
267
961
683
602
983
764
342
282
171
979
968
883
138
807
494
590
22
639
6
160
728
886
868
391
735
168
77
294
267
455
743
362
394
28
824
181
286
797
83
262
493
331
849
613
389
81
371
357
889
511
440
811
957
506
171
17
494
604
877
746
890
775
468
323
912
749
769
417
89
287
83
114
204
378
558
172
499
92
948
64
534
451
480
974
513
958
598
810
590
581
536
637
36
234
455
949
711
460
291
866
269
614
602
800
365
409
820
608
200
16
571
796
870
515
149
612
489
781
226
407
587
626
207
200
446
218
784
896
395
808
915
134
114
649
170
14
624
544
881
562
369
461
236
649
763
454
119
426
529
337
264
762
724
776
262
367
628
315
276
158
965
532
801
768
773
928
819
74
549
351
688
894
563
961
773
631
729
319
620
609
123
30
378
560
811
113
121
398
861
953
96
509
869
243
490
11
703
959
566
307
810
903
919
967
931
521
972
850
336
371
847
497
987
719
557
435
197
86
502
122
2
956
180
102
654
202
390
278
822
182
458
807
513
661
934
545
17
556
12
630
53
567
521
221
163
128
118
620
631
419
459
179
304
492
518
18
394
803
362
674
781
525
977
287
277
572
724
205
73
942
578
677
47
984
656
665
391
68
971
400
194
432
901
788
97
848
811
1000
191
952
164
202
288
912
655
980
735
627
643
625
23
85
692
9
239
236
977
542
114
475
810
452
35
417
140
408
257
748
929
74
52
361
535
775
833
283
106
592
70
811
671
523
889
580
526
982
470
220
397
897
100
656
367
624
740
323
300
355
589
359
949
480
45
514
951
527
947
254
467
338
474
951
442
767
406
989
242
929
727
321
451
435
470
648
287
966
647
66
971
570
97
617
508
423
169
539
858
469
938
892
175
87
966
720
742
977
103
986
252
392
304
42
708
773
9
508
514
525
738
780
423
260
985
649
39
918
930
153
508
721
473
792
330
114
204
902
90
517
579
361
368
246
528
172
675
871
449
529
23
833
420
389
926
129
483
147
507
51
843
195
772
280
487
572
787
15
471
196
7
374
557
932
988
892
165
280
450
981
18
410
706
950
787
645
721
13
221
869
281
458
865
944
507
749
610
452
108
589
817
422
630
550
967
504
829
637
966
948
626
88
606
900
31
656
758
516
13
2
568
192
93
670
486
683
285
139
873
217
462
707
215
997
760
610
106
672
144
974
662
683
853
551
513
265
83
162
497
432
187
726
953
21
648
225
94
216
963
376
567
832
175
352
515
657
250
273
561
307
360
796
710
730
434
101
923
815
276
924
802
454
912
997
426
269
7
892
701
915
38
346
130
334
449
49
412
589
981
284
923
333
103
834
167
393
722
905
822
717
126
563
645
264
319
662
504
290
159
879
214
12
581
196
470
92
695
422
862
558
949
751
313
665
230
288
331
550
15
399
634
109
849
866
211
901
747
101
443
202
162
440
57
297
531
121
105
221
667
801
50
359
790
479
319
823
147
843
735
206
4
622
123
665
986
82
333
620
398
785
725
879
304
966
743
563
678
69
73
308
636
702
293
35
858
383
234
481
695
421
561
507
913
19
36
620
275
251
221
960
824
478
303
24
199
832
515
789
815
970
432
524
171
824
808
75
987
383
957
969
856
708
766
843
459
146
842
897
124
98
874
629
430
66
902
465
515
851
415
690
202
453
333
249
593
279
53
534
466
79
958
577
980
319
869
376
722
697
25
254
209
740
92
846
222
574
213
247
490
405
578
366
767
749
498
46
557
443
128
96
443
100
637
738
581
116
222
748
188
939
17
535
5
838
578
537
981
766
950
627
1000
572
414
808
633
421
439
953
577
185
1
55
720
634
54
738
269
757
436
256
249
609
69
33
893
884
523
812
730
688
89
166
375
33
73
423
771
962
548
481
262
688
40
770
318
375
124
209
28
456
876
338
157
955
568
232
694
828
900
151
946
480
725
719
910
962
77
586
150
787
393
84
673
528
38
884
808
788
775
964
886
847
964
29
418
935
837
512
526
862
250
97
227
597
937
146
519
821
72
40
156
448
379
608
729
93
527
843
234
183
281
998
530
476
920
310
761
118
33
458
650
460
49
970
777
358
344
980
56
853
173
148
515
454
440
573
204
884
733
978
769
975
203
768
239
476
128
857
406
829
338
382
985
329
466
769
987
344
906
623
255
5
724
734
978
98
734
224
239
372
695
14
579
634
358
280
984
137
752
542
987
341
328
676
457
306
184
552
446
33
239
291
49
135
307
784
292
181
558
510
465
471
746
89
863
987
840
193
717
848
190
316
180
522
863
990
414
386
421
450
428
480
704
10
118
979
991
194
848
299
644
937
542
546
14
282
349
950
234
956
334
992
548
565
783
973
765
939
511
334
714
253
808
329
188
479
137
423
863
225
623
243
563
664
798
477
779
486
92
815
511
133
510
344
146
851
81
524
123
540
195
152
287
551
918
950
901
55
565
231
989
116
510
818
390
583
879
933
45
697
613
995
625
126
501
875
419
644
56
767
778
324
631
793
52
494
427
74
210
748
779
621
135
971
425
492
330
181
933
878
120
780
45
791
519
143
58
375
633
657
554
29
25
303
237
332
813
302
21
567
806
698
513
11
134
293
582
803
574
97
845
83
976
599
42
410
476
43
85
152
610
807
57
582
187
295
512
368
654
154
30
940
498
117
445
548
714
328
206
594
378
721
143
151
646
484
671
775
326
600
411
562
410
374
279
514
132
252
543
624
487
106
855
745
869
908
383
427
713
876
443
916
808
463
429
290
222
541
796
887
359
62
106
441
919
676
902
896
258
801
732
133
680
94
713
817
314
12
579
366
850
920
620
754
688
374
737
1
560
194
88
421
334
352
847
42
530
73
914
667
136
463
208
417
25
286
20
482
228
601
857
131
214
286
274
689
267
292
759
695
312
281
837
612
834
853
311
464
223
85
273
411
159
519
358
165
367
36
672
19
824
961
449
74
982
873
814
323
59
530
69
761
89
634
392
863
721
878
6
677
369
911
117
5
621
42
258
719
781
446
83
187
750
66
513
380
831
844
398
11
446
205
524
932
431
794
343
636
197
356
80
840
313
37
883
146
317
341
41
451
195
301
101
95
710
342
694
161
235
370
599
431
691
479
281
589
941
221
673
350
754
671
476
491
674
111
970
964
22
287
483
660
490
901
802
823
734
191
293
241
913
946
153
174
372
152
446
864
111
226
986
518
788
126
425
225
681
415
425
860
637
176
958
550
465
556
785
425
966
787
756
981
302
934
705
635
415
965
614
27
265
600
259
476
494
900
204
242
737
442
43
33
752
824
749
468
741
285
856
205
216
21
980
661
596
979
71
79
325
646
25
700
38
876
973
238
136
789
929
539
733
568
472
896
437
729
656
831
411
519
668
43
303
945
547
977
760
580
488
869
986
196
546
412
791
645
155
258
230
547
139
795
360
822
87
458
469
698
13
180
744
47
81
605
447
751
305
565
731
537
370
616
98
760
501
727
524
511
846
461
748
327
241
949
50
592
911
315
136
184
263
329
35
654
730
709
376
592
46
182
512
720
486
626
503
898
228
728
680
666
723
510
40
538
742
837
127
535
383
579
643
71
958
604
867
349
803
599
769
901
147
832
841
706
622
505
754
864
365
136
992
228
562
619
84
563
567
757
215
509
852
76
772
544
879
446
464
517
359
14
132
172
595
634
118
285
790
373
639
41
542
597
902
330
755
901
39
417
362
744
511
785
683
680
869
278
973
148
142
272
475
846
743
918
595
625
229
624
568
935
795
467
363
193
661
279
44
210
414
125
887
34
218
98
124
775
690
687
983
15
543
84
592
31
879
736
332
438
891
424
113
456
280
352
136
977
592
563
136
630
427
200
890
550
894
432
510
881
117
883
713
745
108
873
754
948
502
478
708
263
126
10
782
97
808
292
292
636
496
766
623
518
66
78
357
880
713
465
8
867
375
597
850
130
741
286
612
799
196
748
875
203
257
883
534
359
974
960
504
608
456
169
515
525
910
808
239
312
729
508
867
169
855
356
620
708
234
490
643
962
201
445
664
106
2
589
107
386
320
365
878
448
20
269
313
925
883
874
924
275
414
395
931
883
605
490
506
645
317
210
855
447
989
77
712
318
107
77
754
147
411
434
308
97
844
447
216
540
793
284
290
749
926
230
773
480
677
261
851
669
195
496
362
739
664
392
842
562
563
778
612
801
278
721
32
261
17
205
291
668
895
445
366
347
944
123
278
768
956
92
752
406
69
558
373
626
423
374
500
61
606
330
615
723
145
701
448
21
333
955
878
841
354
952
402
662
921
717
722
561
891
389
807
825
427
194
721
632
464
641
824
667
175
84
187
769
173
285
170
241
764
644
797
928
157
210
839
620
319
379
953
488
354
218
288
324
84
192
987
202
302
63
257
937
513
409
705
756
353
92
109
528
581
220
905
798
160
999
560
973
632
500
761
583
792
59
237
472
327
496
721
277
4
384
427
144
113
631
428
806
454
529
858
919
84
363
322
757
672
231
353
257
268
788
919
710
543
453
869
704
737
239
667
525
896
257
493
583
384
536
470
337
463
391
739
872
865
505
409
513
843
580
71
105
328
514
889
118
339
147
876
695
420
526
433
383
49
589
244
182
18
461
23
524
95
786
804
438
992
859
982
743
351
654
417
61
597
686
137
980
317
210
278
78
299
152
911
410
782
300
578
74
679
225
697
251
806
607
693
150
220
941
629
745
819
181
555
470
654
594
976
34
409
248
175
996
689
680
519
825
729
180
712
83
787
248
1000
330
952
939
732
847
946
739
259
565
743
326
283
556
300
503
448
208
626
527
70
658
400
724
355
391
493
96
661
180
578
409
955
146
881
58
694
310
902
168
891
295
675
185
546
549
165
8
437
838
264
62
807
159
53
101
493
442
225
812
296
9
346
310
766
765
757
27
861
465
984
7
785
681
109
252
301
315
853
33
961
911
804
617
152
713
305
64
544
676
934
852
988
596
962
853
761
933
260
668
30
143
519
915
941
813
622
150
373
66
157
478
108
72
673
696
997
494
53
508
886
69
643
846
136
261
354
983
243
352
391
218
313
506
705
830
120
29
454
580
71
240
703
909
236
951
876
554
722
978
469
50
139
351
885
743
378
210
310
279
237
273
254
734
874
759
873
433
1
786
328
428
675
942
160
832
758
803
876
286
610
405
953
662
664
343
431
850
818
31
242
328
376
137
217
487
488
392
286
788
461
925
947
650
139
168
765
263
871
787
786
856
683
714
246
333
266
731
966
219
234
675
348
793
143
950
375
328
509
623
784
915
520
746
110
599
975
903
666
865
449
109
435
680
448
408
662
549
479
658
396
886
898
168
467
639
660
298
677
481
521
690
12
866
386
35
557
814
599
131
382
428
851
530
394
399
358
52
680
865
101
118
15
377
556
427
344
501
939
308
718
352
910
867
966
549
811
574
890
951
592
166
66
519
451
326
702
13
58
1
281
982
115
855
188
705
571
688
462
460
576
10
107
129
816
404
875
64
129
288
990
942
235
20
162
114
335
996
536
709
738
838
534
789
431
291
256
940
802
392
918
843
937
72
889
166
621
173
110
50
858
704
260
413
15
794
644
380
597
314
979
939
324
927
924
210
940
767
270
99
776
332
449
958
618
832
90
722
808
851
633
648
729
598
77
988
918
174
331
399
306
597
687
788
527
42
324
598
933
258
957
119
640
106
88
435
448
228
96
597
905
472
88
93
328
184
396
47
181
383
548
476
192
59
114
85
981
966
222
926
824
394
439
502
7
104
132
609
907
400
765
190
171
802
417
648
38
609
519
663
623
103
636
680
550
291
602
7
132
137
858
894
420
901
544
335
41
575
783
160
369
451
79
644
98
720
770
59
250
856
10
134
519
141
240
634
615
741
346
367
751
569
16
918
34
539
227
609
671
738
763
464
398
877
818
40
812
399
20
88
610
518
709
663
583
422
205
492
675
13
822
7
382
603
143
799
912
391
524
269
116
96
622
524
102
65
863
928
582
564
809
340
263
63
275
516
436
772
890
303
340
259
494
736
147
478
499
143
695
76
664
343
488
518
75
704
304
399
322
967
446
337
405
918
530
20
870
22
261
739
146
220
911
992
239
550
202
50
234
230
993
815
412
463
512
125
862
652
287
19
320
878
210
137
369
2
379
740
519
600
684
710
390
892
232
833
195
8
668
543
516
331
720
821
233
660
193
219
143
803
806
120
137
937
362
333
704
301
977
979
670
580
175
798
166
747
598
246
730
507
865
849
739
606
727
419
66
16
244
221
438
593
31
955
387
377
684
700
753
678
618
813
623
838
16
993
387
709
174
550
694
70
908
735
979
415
577
848
445
561
358
245
395
794
706
426
776
187
92
829
75
74
247
325
933
686
264
978
306
243
985
331
641
358
491
590
932
944
202
177
886
4
600
261
688
302
787
120
856
436
846
655
803
109
3
249
646
631
610
997
881
598
803
760
838
47
820
833
563
391
628
115
982
748
715
910
421
354
412
903
124
554
467
303
579
883
948
258
160
953
687
742
651
226
571
273
138
23
697
123
398
667
746
108
155
375
22
678
71
584
862
292
722
746
902
491
177
639
807
712
769
595
838
487
173
503
38
138
694
586
532
297
669
974
714
52
583
876
660
741
241
1000
829
170
418
943
500
239
82
831
916
417
622
446
998
77
139
677
889
742
460
537
691
540
652
482
948
337
681
454
541
800
538
82
136
795
588
7
571
293
905
383
278
453
829
583
334
786
645
914
302
922
463
214
435
196
725
540
670
874
685
72
665
723
611
182
309
882
972
651
675
574
341
89
283
362
441
23
283
886
973
274
580
700
588
323
680
117
548
745
352
299
841
407
801
382
495
749
960
137
327
44
683
711
756
831
132
361
639
97
777
487
216
132
504
821
327
678
554
485
586
513
204
834
394
972
534
207
423
292
221
225
24
797
12
520
97
724
951
647
455
887
511
480
816
939
539
850
653
791
118
172
566
650
471
934
913
457
128
178
300
92
225
206
683
556
397
262
653
200
881
419
757
8
763
314
471
597
659
290
955
757
328
426
994
428
347
653
912
129
319
899
567
62
956
304
263
260
291
361
695
405
729
691
580
407
484
295
499
194
431
737
637
907
855
762
739
603
121
955
471
627
495
960
255
915
6
866
531
728
598
160
889
885
332
91
750
198
226
649
639
837
32
50
257
79
515
301
134
256
134
262
485
725
48
882
133
1000
322
951
18
933
392
326
780
975
893
394
565
18
862
900
248
613
815
578
154
426
951
235
887
788
175
803
482
48
272
833
411
312
636
184
98
345
854
172
872
853
566
393
724
712
930
618
145
127
219
839
355
916
680
610
939
510
337
694
575
177
965
459
308
412
890
855
356
85
295
696
172
392
855
845
507
841
309
311
254
178
756
769
601
534
838
164
773
641
976
15
902
481
419
342
365
528
654
115
602
549
936
989
308
666
303
805
786
915
600
943
947
796
326
244
386
478
9
165
311
988
64
500
828
88
283
150
421
329
307
147
703
481
978
485
718
123
649
729
963
656
274
54
234
638
866
994
79
210
390
593
95
518
898
456
671
530
567
3
614
796
991
547
116
133
619
635
935
672
239
782
259
893
50
869
99
395
865
358
779
967
587
914
46
753
921
938
778
245
159
765
567
376
427
94
841
391
993
767
140
946
954
741
103
326
41
250
855
67
515
36
405
32
211
709
308
797
706
696
694
680
571
113
507
395
131
762
319
858
658
334
337
605
670
458
152
752
709
401
891
90
404
154
295
26
310
139
243
227
804
458
45
769
334
255
566
926
172
795
590
511
412
950
891
505
43
39
989
340
209
924
305
684
232
60
142
10
457
114
186
499
862
132
800
741
96
759
10
632
607
601
361
393
923
683
874
831
234
600
160
496
783
513
716
757
402
384
672
811
903
85
732
541
385
73
981
740
444
586
671
297
491
800
749
789
951
278
617
130
742
815
720
610
888
774
683
774
414
390
91
942
590
719
798
944
462
202
450
500
883
16
1
783
173
927
397
973
729
90
887
650
435
633
494
792
767
361
843
774
413
455
71
954
613
244
37
192
847
443
263
830
314
236
255
531
458
836
566
140
793
799
178
557
211
533
984
674
658
820
424
646
84
147
726
302
485
29
780
665
179
220
192
990
899
130
741
919
312
563
482
595
516
871
922
843
409
265
783
669
292
866
121
820
866
593
88
