631
567
476
71
209
815
374
535
535
435
109
235
399
42
726
26
82
313
974
783
862
974
940
364
334
316
928
619
652
882
438
546
222
217
324
809
296
741
546
246
39
17
924
820
637
451
897
754
655
406
840
808
479
925
340
15
158
369
868
479
919
530
728
310
291
773
892
730
500
157
954
466
518
909
739
292
853
879
246
339
375
984
21
18
26
536
759
620
875
43
458
334
668
720
744
938
13
327
778
80
698
96
568
676
146
700
754
626
681
699
558
661
949
541
606
72
733
536
807
790
104
809
344
88
19
163
241
307
183
203
435
537
490
129
151
255
372
962
177
63
149
512
927
424
173
792
865
837
652
931
497
36
357
608
400
228
180
190
886
275
794
95
317
468
756
270
872
963
804
830
358
969
504
323
717
627
186
472
111
366
445
527
510
600
603
990
367
90
68
740
631
531
421
259
641
638
606
717
367
92
693
497
148
22
711
438
475
927
258
99
205
511
611
274
327
831
160
320
110
356
142
164
639
621
820
443
210
956
637
378
118
584
231
974
109
271
940
245
203
875
230
331
628
352
528
880
718
749
354
926
880
263
621
393
127
841
817
165
458
201
19
3
770
463
517
514
782
767
277
371
672
968
167
290
167
668
204
221
398
830
487
965
646
599
18
782
249
127
544
293
320
890
706
177
295
557
720
959
550
922
361
322
902
720
912
631
552
255
963
20
987
506
383
507
529
752
867
534
279
820
754
628
745
835
160
166
930
528
185
214
95
241
977
88
794
958
907
486
270
193
892
316
249
960
569
886
676
681
272
330
852
241
832
730
445
615
125
418
274
617
361
896
602
77
799
480
852
22
602
111
505
546
518
74
804
625
743
725
468
866
891
731
582
425
485
321
790
895
609
333
190
539
561
339
247
168
566
203
502
561
68
291
795
706
870
290
749
829
170
116
349
803
543
251
98
353
589
665
938
450
765
575
199
541
949
394
813
615
265
237
53
500
420
973
609
197
377
864
503
201
85
184
952
863
108
827
611
806
746
117
352
207
147
637
98
163
11
565
15
101
190
126
133
31
724
342
93
105
610
173
581
141
674
646
816
417
108
224
395
332
275
682
960
988
823
451
649
258
382
422
656
887
743
668
46
749
316
344
797
260
69
672
237
847
998
242
881
902
653
758
169
126
500
948
455
721
306
453
390
891
624
179
768
978
448
682
991
180
467
402
878
663
346
136
463
633
937
473
394
554
980
519
902
389
18
885
521
420
301
632
570
212
215
944
86
610
626
552
616
186
406
482
652
782
157
654
446
915
406
346
790
677
595
967
685
161
613
452
779
642
800
274
413
368
6
901
476
538
201
524
847
643
97
104
679
235
705
857
894
596
36
319
802
534
831
729
30
365
712
339
54
432
596
56
607
559
708
220
208
414
885
451
880
798
614
330
224
883
581
911
652
355
784
399
479
421
54
710
317
597
495
274
754
984
378
35
157
612
929
737
578
44
138
482
896
269
988
153
214
913
116
399
808
164
494
409
807
137
673
216
342
883
614
20
728
924
395
134
471
528
195
340
931
285
412
888
764
44
110
847
488
383
443
277
439
701
647
343
237
59
795
976
585
898
813
72
232
304
894
686
494
6
775
357
729
484
658
18
293
388
286
483
878
455
997
636
117
570
610
295
557
3
843
139
964
51
492
155
139
193
579
546
233
435
6
443
879
617
398
175
580
484
100
959
713
207
274
544
517
720
414
701
1
913
830
436
375
530
644
299
318
426
158
215
495
67
485
190
520
526
411
661
577
898
56
457
184
35
898
866
108
28
873
356
292
209
903
124
64
925
5
231
663
618
754
422
272
552
495
574
385
298
184
219
3
459
335
295
977
309
559
983
767
714
465
343
6
105
766
590
945
506
352
289
168
954
877
465
960
943
915
241
26
896
374
550
627
297
957
33
727
954
503
576
15
202
269
553
500
843
855
185
154
636
212
120
244
449
946
851
852
369
314
313
909
329
530
635
221
384
750
926
839
34
101
325
572
281
542
999
749
558
486
855
459
535
376
487
595
161
280
690
320
486
61
828
674
454
277
423
818
110
384
737
177
626
934
571
125
136
924
769
572
885
745
381
756
949
838
114
367
601
97
568
323
703
286
93
127
692
855
312
853
851
781
469
351
390
519
371
982
58
701
526
22
95
611
190
716
888
366
982
424
810
197
41
445
129
905
938
6
334
203
997
636
470
751
944
697
976
443
497
390
158
540
106
693
620
426
85
622
75
12
717
374
733
668
848
354
418
938
649
831
673
796
157
520
994
976
404
786
525
352
613
884
920
211
973
477
15
386
481
728
247
90
329
833
193
888
250
541
410
112
857
199
651
675
936
640
849
410
289
23
56
915
526
570
763
724
30
355
356
249
443
790
408
748
942
540
158
719
835
60
145
587
229
972
791
12
254
902
412
629
944
157
183
373
427
168
439
774
859
479
243
440
56
978
732
90
907
753
858
834
631
42
261
418
522
672
544
464
642
703
288
260
851
401
633
591
867
987
883
344
813
791
273
3
467
298
648
965
154
540
579
761
197
931
615
952
530
849
20
87
118
815
315
100
141
497
484
19
634
253
828
649
776
974
910
884
112
86
501
270
831
241
923
878
680
322
78
835
236
126
158
940
186
971
545
443
390
548
126
693
663
571
39
811
786
646
585
542
868
887
921
728
240
483
843
732
374
427
183
840
231
480
797
288
774
80
244
723
554
937
530
60
333
642
417
948
839
662
108
560
675
986
503
982
845
308
267
60
718
606
343
744
215
572
785
72
92
525
433
543
974
435
71
230
95
594
403
739
565
194
437
980
336
137
749
972
490
954
756
858
504
383
476
907
190
828
304
435
202
881
680
854
225
545
686
649
434
116
719
103
112
890
362
971
575
872
436
734
918
894
286
534
530
957
99
977
978
764
711
408
386
33
766
367
528
181
610
609
870
259
893
861
615
607
936
591
67
226
85
327
796
330
486
292
648
338
187
201
725
379
812
280
577
398
242
145
437
572
47
284
85
259
763
7
417
57
902
828
301
569
614
199
798
274
754
380
114
403
87
802
125
136
456
223
880
682
574
43
94
82
448
750
875
390
822
253
395
357
895
107
507
834
705
610
906
374
5
763
798
373
934
109
192
869
374
652
858
819
21
938
487
408
481
571
750
150
659
176
281
611
435
45
300
587
745
58
354
43
226
576
819
374
584
136
256
255
10
538
715
690
527
669
966
37
280
173
737
366
162
767
690
912
617
495
292
493
553
554
836
519
527
319
139
808
739
522
699
242
901
305
783
172
484
503
890
486
58
837
993
963
452
170
372
260
836
891
97
381
593
763
164
61
953
931
390
533
293
380
849
636
924
990
429
98
341
508
725
614
878
468
699
523
600
210
273
757
622
90
837
473
595
301
970
885
997
286
399
239
101
680
401
904
44
227
264
936
779
24
147
814
132
844
758
656
802
878
684
485
117
164
122
562
563
190
764
189
128
954
679
858
723
675
636
3
704
311
594
285
868
55
243
999
586
978
932
305
277
30
594
339
729
763
211
909
991
896
783
220
798
175
478
110
928
756
64
185
384
376
229
223
795
239
918
300
814
231
562
915
290
651
346
847
183
98
625
386
116
735
878
919
684
632
240
127
44
755
952
214
650
207
657
576
541
127
948
451
292
691
444
502
70
930
557
36
635
685
991
799
139
641
762
873
392
791
407
685
859
950
205
20
852
96
62
984
339
536
455
85
450
539
110
105
590
759
430
32
726
855
565
961
991
43
425
486
749
948
982
436
667
489
966
770
932
901
11
709
927
234
612
613
773
123
889
16
668
284
721
235
228
355
804
431
601
249
967
945
153
189
266
586
117
537
417
352
656
53
623
886
183
954
939
972
172
98
38
825
506
224
810
970
947
468
684
156
574
141
663
364
259
444
382
234
344
969
258
69
143
510
994
885
181
305
354
955
313
86
229
514
344
933
265
71
748
114
567
187
458
220
314
353
451
408
761
353
884
610
480
442
104
134
99
952
74
506
712
884
631
240
35
944
817
278
259
679
829
967
421
358
754
535
346
879
215
529
348
114
926
220
804
236
233
465
602
8
339
135
651
742
820
713
147
520
230
671
716
800
122
632
153
895
621
509
185
866
294
842
294
763
628
305
164
990
487
515
257
38
674
975
608
120
20
993
890
208
514
428
181
908
563
333
773
874
553
284
515
105
857
668
56
822
728
658
940
139
687
197
841
276
57
319
812
756
204
980
554
250
131
671
318
569
995
603
155
597
179
90
630
180
582
903
263
111
409
701
122
499
94
319
633
620
120
156
696
722
536
535
996
68
840
456
844
907
619
382
612
494
701
113
47
110
480
507
29
74
977
44
756
443
693
18
183
597
863
130
216
169
825
946
304
657
580
965
250
826
952
163
118
101
678
509
9
400
512
191
30
796
849
835
913
231
208
928
206
391
49
976
525
543
388
100
747
843
797
796
24
42
496
520
163
211
434
686
144
488
20
372
255
665
47
436
442
243
840
639
90
386
64
474
649
425
884
786
521
141
964
150
251
994
381
464
583
708
916
819
158
919
802
116
132
171
113
773
733
530
796
398
175
788
195
257
75
579
251
692
50
29
488
527
632
363
951
288
313
19
15
123
960
826
939
283
2
873
391
483
602
753
879
94
704
306
740
883
386
457
851
46
763
21
70
701
523
610
144
470
255
42
802
846
217
654
20
177
681
225
572
359
337
674
695
769
930
178
968
620
470
650
19
717
74
726
494
706
105
978
524
783
325
547
723
856
106
794
346
301
805
367
486
412
309
819
933
738
721
982
161
99
615
723
204
696
921
960
269
28
606
259
582
14
587
808
310
401
514
751
300
988
40
596
192
411
362
389
183
858
394
575
752
156
471
5
660
317
101
335
929
6
646
248
410
715
5
342
890
130
115
316
731
825
258
682
832
748
166
323
890
446
25
366
757
87
539
342
884
583
304
152
879
434
78
332
65
434
735
566
260
128
440
189
488
625
407
689
830
843
147
792
693
969
35
18
307
793
99
358
488
562
555
745
255
517
457
723
901
616
660
949
96
394
470
861
203
897
396
402
406
305
188
194
669
546
886
776
330
597
108
457
252
942
923
529
426
858
68
593
343
846
573
154
386
517
974
319
815
186
103
983
651
468
417
551
796
562
472
201
384
956
125
668
645
948
237
372
474
480
459
840
898
894
438
232
252
379
310
701
652
912
15
959
714
634
691
592
849
394
270
165
286
379
590
660
538
693
504
764
174
549
460
407
960
552
863
762
847
797
300
446
628
193
640
166
310
877
573
264
146
409
765
238
672
175
204
2
688
342
830
837
242
399
610
505
824
907
357
269
320
978
326
537
443
462
748
65
965
686
677
624
448
820
248
145
593
808
607
145
519
309
969
522
253
428
395
356
419
892
605
407
324
349
597
423
63
665
334
549
225
235
388
990
813
524
29
385
410
500
430
654
198
603
168
228
905
107
816
828
123
722
599
958
815
711
931
749
932
493
731
89
627
871
460
818
159
909
420
770
209
286
766
405
166
880
100
498
50
814
396
145
590
68
705
451
630
937
812
469
14
397
813
913
703
659
826
992
654
119
149
629
143
777
936
598
410
935
394
484
640
265
156
313
980
225
306
82
493
295
303
320
397
927
263
328
896
661
608
969
493
174
306
613
123
745
89
333
926
378
170
561
883
913
601
785
114
735
211
627
845
653
161
973
2
159
353
369
825
527
879
841
205
163
438
603
257
507
505
1000
797
929
668
137
372
409
801
503
78
169
294
927
178
603
839
596
70
437
144
124
256
905
568
903
455
623
219
41
680
837
810
273
84
101
900
158
75
784
400
344
765
621
930
156
324
111
945
774
349
933
976
542
931
640
165
363
248
203
729
846
288
530
120
677
213
266
985
911
7
641
857
743
94
819
775
817
632
153
812
278
569
885
116
235
749
478
601
316
628
150
162
881
227
382
867
25
147
406
637
460
243
436
143
771
998
306
106
766
193
84
294
971
36
692
222
488
957
578
700
6
821
548
847
206
4
719
919
101
611
660
71
713
687
980
441
35
870
141
9
263
908
692
887
144
875
39
95
840
610
466
252
443
657
831
495
601
154
833
652
482
754
859
352
31
198
457
86
80
572
873
252
825
226
961
850
243
501
309
60
145
63
580
555
556
107
559
979
325
757
547
441
752
737
837
985
875
664
59
788
469
210
419
983
742
629
354
524
394
173
502
537
982
324
637
367
415
487
74
414
723
513
133
814
402
876
272
98
296
983
876
282
113
875
22
231
109
941
940
235
370
618
782
708
865
557
713
99
512
556
326
527
694
919
147
745
523
876
670
922
879
593
958
458
982
741
458
101
660
296
278
423
286
480
533
109
983
517
580
86
407
926
981
742
241
159
731
498
975
341
808
77
347
286
585
372
910
199
684
369
995
283
296
762
997
469
50
920
894
111
111
204
643
337
409
632
915
58
606
213
831
13
677
862
328
647
397
1
666
504
546
430
425
390
71
600
81
564
304
572
832
693
498
124
173
489
627
471
360
495
46
276
761
543
954
24
682
845
642
227
709
208
775
853
685
555
756
698
907
276
845
52
149
207
493
241
137
761
197
87
315
293
436
902
635
360
809
898
691
566
622
595
483
938
53
35
825
655
236
570
138
823
566
506
624
182
140
525
324
281
363
237
744
54
56
271
175
912
607
198
946
710
476
939
662
516
590
298
450
655
978
358
181
540
527
422
849
531
855
987
518
107
899
879
612
798
995
456
681
586
621
410
720
279
988
256
428
933
488
84
577
340
625
926
247
87
833
648
21
533
371
139
886
499
315
277
481
684
461
352
706
525
611
676
483
448
972
54
157
644
18
560
431
886
279
491
731
302
111
336
50
474
234
650
939
12
803
633
765
729
457
537
837
646
853
727
661
829
668
937
383
390
833
731
116
322
461
991
881
305
312
818
956
606
469
898
805
887
933
1000
803
211
197
766
64
536
680
901
511
906
278
481
931
556
586
585
524
743
138
131
45
873
523
488
737
335
545
411
492
539
584
59
331
600
846
896
340
914
677
375
83
31
543
109
29
313
333
4
298
521
336
982
221
434
29
179
517
440
763
276
35
407
178
430
350
390
465
491
283
682
551
591
496
229
992
344
599
886
917
601
29
659
164
130
773
849
35
46
947
262
827
610
454
308
590
277
189
153
592
586
639
474
461
781
302
526
595
589
277
547
548
84
610
584
555
247
45
58
232
83
380
387
37
132
273
870
66
986
763
700
973
718
103
52
813
351
263
898
325
604
36
841
219
571
197
352
541
39
65
324
155
151
173
335
90
375
219
13
827
564
545
706
397
978
920
147
530
10
249
203
356
623
354
134
33
73
330
174
900
716
320
806
970
347
560
614
764
527
939
758
727
246
900
255
241
134
994
777
597
863
734
866
616
627
608
387
890
807
75
623
790
245
489
830
884
913
615
558
774
73
951
72
339
712
436
236
577
36
843
550
782
754
233
491
537
682
663
699
449
258
889
918
413
545
207
208
984
945
346
276
750
841
434
536
29
576
903
472
863
485
161
934
287
953
698
914
821
780
626
69
261
336
699
112
693
264
101
337
55
790
520
852
458
603
288
156
7
494
630
78
628
274
947
576
341
552
3
446
988
936
111
754
437
387
126
328
316
33
682
367
786
340
662
402
847
215
722
435
835
840
11
459
718
533
785
769
561
250
825
100
167
31
669
270
65
514
421
243
772
452
338
537
416
385
484
98
119
735
587
270
931
676
47
460
300
29
529
288
529
191
606
71
497
510
520
624
37
118
213
266
269
40
716
154
768
46
83
417
22
751
152
472
994
936
492
196
778
253
480
935
756
694
685
344
176
821
431
92
947
664
397
934
103
515
377
154
379
994
627
728
189
44
714
806
1
458
282
378
350
327
795
134
827
335
208
368
838
690
543
233
179
973
537
72
984
98
142
805
304
618
51
517
814
377
632
529
177
512
272
288
943
204
271
306
86
759
117
915
176
812
827
623
689
941
364
190
376
676
75
272
100
1000
356
371
33
728
121
346
327
325
717
839
963
553
216
449
829
715
106
419
755
450
964
406
364
754
874
703
240
878
273
589
198
847
489
581
338
455
264
32
454
300
432
744
88
409
171
15
347
28
267
12
910
169
499
414
643
741
504
866
950
925
165
907
370
777
249
355
807
875
264
491
350
266
782
912
255
836
778
321
729
241
526
311
772
289
611
128
565
335
954
112
212
183
413
111
337
773
709
468
875
261
261
95
573
299
300
92
822
970
404
455
781
236
401
432
37
898
72
796
946
550
260
105
148
979
898
928
260
553
723
949
430
927
319
92
833
246
60
175
903
237
995
450
878
986
374
679
134
175
161
598
653
744
586
709
975
649
353
506
278
908
35
253
958
523
272
195
346
495
583
329
375
772
344
976
273
373
874
222
923
308
168
865
966
209
331
515
373
276
783
852
477
600
100
604
783
350
740
402
115
304
871
892
266
340
367
39
424
22
759
552
654
555
112
390
525
700
808
920
64
589
666
545
20
136
505
493
992
797
710
687
430
247
915
571
122
681
549
85
332
48
709
228
278
820
672
373
734
269
629
87
201
16
889
190
974
952
743
815
191
216
619
830
528
724
69
761
23
721
627
471
139
938
542
732
207
723
550
383
152
75
356
893
967
630
285
222
435
409
946
629
744
835
514
367
713
31
860
340
824
651
631
189
440
642
165
428
174
127
252
831
618
971
686
383
770
896
960
818
129
850
136
128
698
531
889
128
417
157
221
837
502
811
237
740
385
510
113
607
814
900
26
528
401
430
198
422
160
721
63
193
145
483
398
803
508
375
759
187
935
944
236
436
105
846
416
688
975
412
641
33
258
182
597
879
756
125
271
585
688
208
591
509
456
711
12
391
990
687
451
726
272
710
264
718
677
494
560
606
180
705
269
574
414
22
785
43
519
950
172
887
799
102
60
420
139
506
753
576
315
554
230
265
157
639
724
317
238
455
767
573
948
474
830
643
736
703
839
87
223
62
107
882
189
377
4
409
251
740
452
554
68
955
199
790
906
510
211
114
73
316
868
598
169
122
721
108
451
416
491
96
33
25
68
584
974
700
22
49
685
252
720
144
8
109
267
80
234
226
774
201
923
414
338
422
812
993
177
132
856
320
412
576
320
988
419
722
850
265
246
626
78
2
639
413
801
941
255
959
569
888
945
734
228
787
575
906
543
573
951
408
869
70
555
862
932
231
649
921
42
651
625
970
998
207
473
528
53
751
541
783
175
30
509
738
64
593
556
186
47
115
129
606
572
329
653
17
432
230
217
266
913
960
433
186
102
684
536
34
377
742
412
892
640
345
669
692
839
77
483
500
140
342
200
517
574
376
579
483
490
932
966
673
928
644
62
568
764
583
541
985
668
107
751
574
714
203
342
233
553
841
778
401
544
166
483
236
551
79
149
282
481
545
848
439
925
843
285
551
226
396
956
249
292
627
88
654
472
841
685
867
457
666
748
919
570
773
60
267
883
856
788
382
148
736
683
967
349
955
580
168
421
668
570
357
796
785
754
274
860
859
34
624
288
390
156
922
974
581
715
702
994
773
559
754
291
478
208
781
20
392
999
439
688
570
728
846
301
817
243
320
983
842
853
719
793
786
323
768
934
875
571
799
392
120
419
705
619
940
962
6
993
552
933
401
786
960
292
205
649
927
179
701
192
734
270
951
170
199
550
571
433
914
164
390
862
91
775
178
399
61
680
87
210
861
590
565
402
312
504
636
28
479
967
684
249
604
810
832
473
836
297
180
384
288
579
192
221
174
162
1000
512
877
346
548
470
238
274
397
48
105
889
369
700
246
266
485
909
764
911
168
937
73
806
172
84
808
299
848
376
144
644
785
733
125
396
84
901
371
409
844
206
774
203
579
610
144
210
94
80
476
958
563
290
864
872
778
904
479
133
244
407
622
931
598
712
885
993
181
982
209
746
644
195
796
555
446
320
791
153
532
402
503
109
135
326
995
494
411
24
516
790
681
917
395
510
152
877
2
178
430
833
70
194
595
123
272
719
642
7
962
882
736
311
492
505
489
44
906
722
466
331
127
119
738
725
328
369
728
201
376
461
419
363
331
667
95
817
424
995
105
468
769
407
169
675
264
68
815
580
322
411
439
778
777
442
224
412
49
538
732
875
320
34
337
737
189
133
413
696
255
379
925
565
495
503
445
871
714
802
562
18
790
226
152
141
235
740
978
677
214
394
88
664
520
279
589
399
302
475
837
135
45
230
222
560
386
244
154
420
234
902
440
491
834
552
497
319
346
235
660
291
978
716
231
836
352
303
863
866
310
610
599
599
631
893
923
298
727
525
141
789
188
113
350
860
200
102
275
780
109
812
484
246
605
85
768
693
145
567
854
964
489
768
291
973
872
719
403
641
845
826
65
823
252
186
289
158
450
649
929
507
463
202
776
444
13
503
366
581
574
549
595
706
134
263
668
237
763
667
397
638
335
289
744
324
191
940
375
445
442
682
721
66
699
111
124
121
561
941
644
169
578
184
36
258
5
452
492
207
193
730
422
120
475
235
619
927
623
518
600
445
929
681
90
785
410
988
820
894
330
901
977
918
624
524
852
572
217
578
132
313
745
604
955
450
746
433
643
625
224
816
38
592
308
732
1000
627
883
476
489
299
444
411
905
221
947
891
430
983
414
162
382
333
863
535
114
617
360
44
246
804
182
885
473
724
222
187
524
728
209
982
157
954
541
583
876
792
118
222
658
262
34
613
540
623
596
402
19
660
527
717
533
168
699
231
802
992
434
535
622
749
320
691
774
725
533
847
66
564
120
333
799
484
108
282
764
168
154
186
451
332
657
455
553
252
53
21
324
551
669
540
787
96
471
465
86
814
83
690
814
216
515
740
456
123
894
385
624
311
238
343
248
687
308
892
28
929
229
649
885
907
636
683
331
950
538
148
653
524
283
193
477
358
392
10
10
720
992
520
437
179
873
61
867
488
655
666
12
146
977
325
229
915
585
906
775
293
119
769
381
206
529
202
126
974
333
256
970
276
19
433
71
400
938
588
322
52
631
32
291
863
432
971
940
275
527
898
108
958
993
654
185
1
918
482
553
33
407
832
185
457
994
845
824
1
936
673
372
439
657
522
435
474
641
191
432
252
77
91
580
565
14
683
593
415
103
702
655
522
857
92
682
124
623
18
51
934
561
541
777
551
979
158
319
231
547
875
403
154
41
390
352
720
637
362
642
992
904
856
879
100
669
696
907
530
798
236
257
604
1
978
237
89
536
790
652
966
336
538
132
802
633
891
163
595
573
261
870
206
629
596
938
664
219
180
245
774
388
546
150
92
590
229
17
680
694
648
461
504
168
801
959
622
124
362
263
170
488
707
275
704
156
281
520
938
897
821
998
979
711
764
283
760
815
341
937
548
850
118
125
735
101
671
385
545
734
33
391
236
876
28
817
902
41
689
631
307
195
557
420
560
901
863
273
678
494
894
263
303
992
780
594
335
546
804
490
975
832
219
922
250
508
689
161
49
483
332
891
552
957
487
296
248
336
887
943
312
654
851
934
762
203
345
613
763
822
51
253
324
191
191
175
794
145
427
832
872
835
782
673
406
344
474
170
938
775
992
183
466
431
147
334
657
569
596
44
850
357
860
823
436
951
667
415
835
658
456
354
579
323
1000
866
965
969
596
282
159
990
261
546
634
618
40
50
408
178
200
121
581
53
583
735
888
891
948
804
294
750
431
348
490
163
466
367
310
17
124
752
493
368
302
243
580
863
842
752
357
911
35
678
67
416
450
990
709
139
282
555
831
819
958
290
486
363
451
889
344
858
528
264
177
44
113
560
605
94
902
277
577
699
174
500
556
936
10
365
525
111
352
281
83
65
478
709
367
556
734
655
395
825
928
911
882
282
846
247
642
359
616
979
452
932
554
337
805
342
912
254
592
668
962
577
610
55
482
685
546
97
297
531
2
516
666
847
614
410
415
15
926
182
311
220
212
350
224
230
981
191
558
515
549
172
557
321
80
147
342
773
425
70
565
656
298
289
687
888
206
4
736
1000
215
924
219
907
235
61
868
415
313
277
958
313
26
901
706
595
510
529
114
787
918
892
282
950
977
591
669
820
204
597
257
315
521
663
329
215
811
141
672
889
442
640
335
886
875
986
918
691
176
73
70
953
597
691
427
765
494
752
217
441
904
883
409
509
916
971
967
917
87
369
430
317
311
640
161
295
169
145
109
481
222
334
13
946
429
816
358
602
377
319
873
152
999
727
706
267
201
977
273
848
801
575
226
640
388
798
675
625
29
962
74
596
782
663
244
399
340
864
528
919
389
595
634
544
933
824
486
361
918
661
968
635
690
240
990
810
966
977
50
444
269
686
305
203
107
671
422
617
229
804
353
749
310
489
665
726
20
73
192
663
360
733
218
331
86
801
514
605
133
690
348
603
282
200
325
815
800
992
406
431
955
205
796
354
147
236
22
80
166
908
133
535
108
599
828
237
610
595
385
658
927
440
746
361
828
725
505
1
981
73
753
853
309
497
80
620
125
922
462
289
530
447
653
329
207
644
901
715
568
822
284
574
542
802
370
78
402
654
655
576
388
343
593
990
222
776
146
383
803
97
691
561
342
882
261
2
913
12
775
412
77
144
988
591
688
919
39
733
534
438
224
426
707
492
652
828
532
436
51
14
953
742
319
740
300
240
11
572
304
632
313
609
10
921
7
353
711
359
553
245
863
861
787
601
403
976
360
950
161
482
86
90
660
809
519
978
353
56
116
910
837
493
747
15
892
208
981
852
233
983
112
597
892
181
479
182
449
762
725
805
296
689
152
275
107
584
911
344
926
804
81
139
658
727
705
779
702
634
173
583
345
510
715
342
41
448
301
310
599
680
366
483
193
747
700
421
483
389
361
369
717
685
109
925
711
77
276
324
997
109
981
36
583
636
435
583
125
660
734
129
282
992
936
886
430
46
326
631
613
415
464
466
157
63
312
822
817
294
737
724
677
404
167
26
188
24
860
265
82
102
15
688
445
469
508
512
471
910
185
325
240
785
514
960
950
234
603
695
495
492
190
650
92
918
901
717
416
197
117
745
22
551
553
359
51
466
372
474
13
30
92
972
530
857
991
128
219
917
687
629
43
823
359
577
959
102
990
38
760
168
144
430
909
856
297
192
681
210
884
939
259
508
30
972
717
64
525
296
200
268
172
109
445
113
914
697
877
36
165
272
915
846
488
166
957
157
934
225
796
264
973
975
909
732
287
627
959
726
805
649
290
612
288
528
552
806
134
105
621
687
611
875
421
79
547
357
667
579
60
810
442
965
837
332
227
901
361
879
629
464
501
490
99
487
405
886
911
135
64
391
327
351
212
559
612
747
33
258
682
649
808
524
270
19
328
913
60
457
754
84
148
862
963
436
220
373
514
821
462
618
873
892
128
987
50
208
152
893
811
862
330
837
58
413
640
49
930
908
893
258
242
549
395
517
582
320
309
438
628
552
290
987
388
898
306
819
366
567
581
493
268
247
826
885
879
407
748
944
577
874
445
702
604
506
651
843
998
573
176
419
445
922
829
637
264
843
260
13
821
913
136
41
307
216
100
182
401
196
583
231
604
597
78
857
466
336
787
624
39
947
359
287
437
737
500
500
802
169
482
611
205
857
239
663
818
943
978
806
99
158
158
234
909
346
582
422
947
795
391
574
931
617
372
647
135
704
754
454
298
735
255
992
697
304
971
554
414
658
486
732
276
735
253
559
241
999
582
142
581
221
550
304
241
156
977
252
760
500
332
915
87
776
835
200
272
926
357
599
556
483
549
154
940
249
320
250
828
796
399
844
438
89
118
812
428
303
48
328
483
563
773
27
559
457
799
709
48
190
994
688
906
61
742
221
58
57
34
699
434
321
113
740
522
295
652
394
102
975
414
837
8
627
404
176
454
232
277
50
75
164
524
77
421
393
51
172
868
335
11
83
87
912
445
32
700
219
184
206
370
906
483
691
580
612
530
265
465
62
331
336
439
176
727
491
148
581
354
774
550
12
295
7
202
57
42
692
781
727
350
262
942
987
102
261
562
91
74
67
555
505
254
766
310
370
991
94
23
684
959
836
83
760
576
825
461
971
622
508
821
609
794
555
603
4
358
337
771
995
232
234
269
797
839
709
141
448
727
83
503
367
321
877
5
331
419
447
554
181
896
633
587
67
445
431
351
386
626
94
956
158
9
521
128
690
731
89
356
569
959
598
450
443
699
571
92
512
884
592
50
433
549
266
171
983
733
484
131
409
968
862
744
125
114
932
540
585
721
665
459
817
183
587
536
626
709
304
988
151
547
762
120
375
690
901
778
498
880
728
532
254
858
877
396
960
627
234
579
478
535
802
542
418
519
384
304
898
94
952
208
247
178
842
222
478
367
800
388
383
954
932
386
328
948
339
903
347
921
633
280
428
810
292
241
697
597
580
587
113
153
90
226
990
402
39
710
172
395
885
182
776
867
567
471
293
19
195
376
303
585
386
869
186
433
119
790
193
779
397
832
550
346
338
504
353
648
610
671
882
639
326
977
389
293
930
328
739
753
636
679
732
108
253
648
640
458
917
618
640
788
252
97
42
707
778
982
562
889
325
246
237
21
518
316
818
735
290
410
558
707
473
228
55
788
801
155
232
524
722
997
425
709
107
96
323
153
829
573
615
646
467
247
429
576
803
438
855
619
87
982
524
694
456
206
245
166
985
873
816
108
874
905
951
89
888
735
761
262
246
392
646
625
170
958
267
205
609
436
2
352
819
965
504
608
854
62
611
365
987
174
878
783
34
95
12
731
897
131
430
980
689
117
780
524
441
153
902
98
422
473
25
465
462
671
389
553
256
813
842
262
745
81
663
202
271
808
64
779
369
92
765
297
840
652
125
382
560
552
225
233
787
476
707
539
659
551
992
463
469
319
8
804
890
488
884
581
302
291
38
503
392
690
982
925
41
311
577
126
687
198
160
489
471
624
447
393
213
465
539
550
228
619
252
685
806
557
714
292
260
112
151
678
627
587
702
861
992
99
728
804
964
409
892
997
329
432
534
471
456
5
26
895
639
114
954
288
331
581
119
150
53
324
775
561
947
66
660
525
886
119
582
682
560
763
158
586
497
53
485
146
415
640
330
694
906
245
592
616
559
86
345
641
744
805
5
59
89
73
105
145
263
954
752
278
38
316
89
720
936
36
593
227
412
5
718
802
144
835
801
981
649
843
184
959
48
714
827
104
636
61
868
398
659
823
639
44
624
852
883
735
865
372
657
721
211
745
703
405
218
147
777
24
219
295
97
385
790
124
562
741
715
653
950
108
586
96
994
975
625
712
718
584
419
895
996
21
701
671
455
375
266
602
177
694
59
866
394
198
664
552
439
296
72
164
515
508
661
770
619
96
669
340
630
875
352
71
478
999
934
868
178
894
215
934
604
887
209
618
427
879
267
802
262
231
923
325
343
479
59
226
360
132
438
545
91
9
508
673
919
740
527
118
565
311
810
315
971
303
272
386
785
145
892
452
291
226
976
137
137
308
315
136
156
164
539
335
941
321
834
189
655
110
538
322
480
418
39
589
591
342
573
203
628
433
77
965
193
574
664
6
988
717
466
308
997
374
881
544
217
823
732
64
147
373
909
100
418
818
899
961
789
770
568
831
418
624
697
546
361
925
441
770
753
773
76
197
599
932
42
473
39
649
282
414
869
855
751
264
474
734
226
62
827
26
288
346
695
819
585
936
700
649
237
364
432
989
950
246
274
450
977
289
658
242
673
24
241
640
708
322
999
323
925
243
399
227
57
441
900
111
743
607
168
477
879
72
491
547
298
268
851
745
158
298
156
179
146
504
998
910
399
511
259
293
925
605
666
157
215
384
205
342
926
168
510
703
942
821
62
854
786
388
879
605
696
120
520
814
957
737
945
883
584
159
269
801
731
213
719
154
459
389
319
230
962
229
902
208
218
449
568
464
343
593
416
166
934
965
52
571
40
589
580
956
465
282
293
780
411
848
334
194
313
183
432
526
78
81
991
46
989
827
15
488
136
244
414
528
358
786
130
432
977
52
370
168
292
21
206
828
173
511
854
590
416
660
551
397
865
172
782
889
644
358
90
830
780
369
80
597
195
223
768
328
194
185
986
139
771
493
606
749
863
513
415
719
828
630
412
415
696
502
494
542
288
282
216
272
835
946
625
603
840
634
69
570
405
565
439
100
904
459
623
560
630
133
644
589
996
431
75
572
692
725
79
92
70
20
512
538
50
318
583
495
931
88
444
552
251
43
456
692
738
736
644
223
178
170
262
27
993
895
257
424
200
967
342
565
647
727
783
341
434
290
967
616
131
448
19
150
736
624
825
672
670
851
62
553
620
892
494
937
776
623
716
717
481
462
852
10
997
816
46
417
628
107
571
527
267
834
746
728
338
721
524
683
723
574
97
39
54
53
523
887
869
185
747
383
616
207
728
20
275
351
649
152
369
28
902
734
373
233
416
83
631
536
462
58
15
287
772
374
472
636
847
980
670
531
729
759
364
126
667
247
593
687
474
838
104
228
986
124
308
641
762
830
360
813
502
329
326
839
622
709
633
37
745
940
898
463
983
427
63
251
257
393
671
298
185
345
22
431
721
220
732
8
256
131
389
66
913
287
76
926
387
291
328
788
128
577
847
319
957
832
161
367
165
770
374
146
668
29
454
609
579
295
637
538
448
946
232
746
266
341
676
847
567
720
802
882
925
256
749
218
789
873
123
449
866
764
64
247
451
737
556
819
931
51
627
816
201
736
311
931
888
487
198
263
935
527
634
970
436
521
107
47
154
898
379
441
185
52
578
206
484
413
974
607
993
596
616
418
757
584
932
228
31
417
648
787
339
63
896
574
514
161
532
200
453
685
610
835
724
62
831
823
560
188
447
797
753
902
457
766
396
822
585
265
204
705
78
900
483
904
324
374
230
127
668
756
987
307
131
611
724
661
636
890
259
3
276
302
334
204
481
254
676
933
969
720
672
311
862
495
544
113
459
655
808
688
554
336
554
182
687
614
404
125
513
819
395
760
511
62
709
790
318
307
450
298
916
705
271
372
82
253
690
549
13
176
963
675
998
862
72
986
310
338
509
744
537
831
668
463
287
529
228
605
522
724
351
652
591
702
318
738
285
383
897
622
356
613
505
247
151
23
780
893
76
450
987
179
390
738
891
273
874
947
893
312
87
35
566
984
543
605
634
512
735
406
249
169
97
777
40
445
964
787
678
235
184
27
638
722
477
201
57
8
775
36
61
21
962
361
845
17
527
864
703
92
1
691
847
335
995
199
563
173
133
900
257
930
863
408
199
977
984
412
221
954
854
919
53
390
808
502
814
926
832
613
654
579
150
105
32
822
754
30
428
357
296
975
83
591
576
960
448
649
441
567
220
820
899
605
985
72
319
158
58
402
548
744
420
391
773
514
881
836
527
645
449
166
497
689
706
25
377
32
203
636
753
634
113
694
556
813
279
924
895
49
51
387
665
904
867
433
324
378
219
115
249
745
557
631
565
416
333
936
405
333
32
863
219
936
140
250
103
428
453
168
20
205
694
543
466
669
9
748
844
726
502
120
908
949
530
759
642
422
836
31
886
823
6
541
355
369
534
66
32
272
983
337
24
182
37
480
735
471
455
613
558
994
958
503
90
626
743
299
918
742
321
76
913
828
499
718
211
77
677
873
950
719
239
792
981
792
41
557
387
75
863
639
43
483
16
34
512
409
372
509
169
775
148
207
752
794
813
714
31
453
285
523
361
802
52
604
344
104
183
608
608
581
17
622
340
808
875
72
767
486
992
676
28
81
981
421
353
893
976
161
430
920
386
904
395
140
584
270
255
994
14
276
420
942
56
927
652
605
223
815
887
2
550
585
468
77
726
610
349
44
126
707
245
156
747
249
276
172
111
925
664
882
886
103
925
548
391
811
771
879
973
385
327
19
174
49
214
434
232
93
22
193
797
973
243
864
100
255
864
811
495
276
602
253
75
857
296
778
260
721
979
625
516
138
162
481
167
970
767
669
327
8
154
163
58
438
919
212
608
431
132
268
127
402
538
168
242
247
467
145
592
199
387
280
44
103
241
284
668
401
622
462
854
916
469
570
335
177
971
963
96
791
107
257
785
285
377
692
528
687
45
851
184
701
661
863
138
81
738
889
535
197
708
353
794
342
764
629
543
636
966
274
196
141
996
792
665
805
599
190
677
209
206
136
729
723
164
323
981
948
267
493
576
996
856
355
182
758
337
783
194
1
725
859
347
155
988
313
84
739
921
846
952
398
104
307
193
362
750
474
204
448
859
946
813
579
62
381
55
419
363
999
98
591
300
95
139
96
273
650
429
485
956
353
912
402
241
286
992
249
662
106
685
306
160
119
403
910
859
430
798
711
613
554
110
641
892
624
826
355
219
142
403
754
833
260
688
461
424
519
652
235
901
42
814
419
723
4
272
123
528
232
511
974
349
808
896
740
854
881
881
651
603
856
659
743
966
126
587
743
514
651
648
524
835
774
62
521
412
367
897
848
659
166
493
728
488
81
63
131
484
321
381
271
680
922
338
193
192
809
690
693
228
438
122
219
993
259
500
337
7
863
682
859
524
483
635
984
995
341
13
748
677
898
888
806
404
143
307
492
5
237
876
77
230
572
387
298
403
796
638
72
326
905
838
521
155
188
257
334
239
98
972
375
541
767
586
140
616
950
595
828
52
916
820
244
326
151
56
738
620
361
996
822
395
111
765
69
290
360
960
324
322
915
856
363
555
83
806
325
769
37
578
846
58
241
395
426
678
270
26
246
843
288
174
492
695
754
482
560
497
96
941
611
686
891
294
514
644
324
374
591
380
492
573
657
763
880
798
792
384
440
842
693
749
426
260
528
817
335
827
59
248
486
771
373
377
793
251
570
162
325
242
533
183
776
972
435
490
913
399
702
954
277
221
948
88
409
763
916
553
490
190
956
174
259
129
524
452
388
253
42
636
407
766
257
430
674
331
316
982
392
682
59
355
113
9
612
636
134
357
192
441
32
996
610
713
203
884
757
344
110
745
647
93
399
434
264
347
696
529
497
162
853
253
220
373
810
892
514
875
487
609
148
625
555
616
570
258
55
192
392
795
477
786
387
677
719
363
599
206
421
290
907
240
74
955
993
133
759
170
564
808
768
316
69
17
712
603
335
719
826
549
216
202
872
951
726
41
756
576
947
47
480
815
940
160
476
285
844
883
322
491
947
898
585
15
729
483
408
107
594
338
171
864
242
559
847
837
969
828
612
417
20
167
621
556
870
380
404
444
639
210
477
180
109
867
286
213
112
298
657
734
52
621
873
815
612
694
735
554
168
772
403
818
941
30
641
881
28
563
639
308
479
721
477
280
585
674
708
606
207
350
141
150
352
710
370
702
943
796
410
734
91
652
245
688
283
244
417
28
408
585
769
513
786
45
759
392
446
809
909
709
683
67
197
894
533
852
472
235
413
576
806
987
288
683
995
721
285
695
164
197
638
587
5
424
504
680
741
666
408
940
205
750
233
781
326
357
865
262
83
13
377
241
984
603
851
676
219
770
434
958
294
542
278
339
521
377
547
617
613
657
429
723
418
757
760
299
555
40
255
452
422
103
85
258
826
154
216
984
939
526
142
115
78
651
473
364
826
682
379
264
922
806
968
715
634
563
989
445
868
175
975
449
229
80
740
995
817
675
43
462
532
71
479
320
349
799
225
255
824
255
989
782
957
71
890
753
806
689
810
108
531
669
337
582
554
226
228
717
461
929
885
892
148
231
608
1000
646
772
902
420
750
445
390
351
599
694
516
231
247
712
437
88
816
296
763
483
721
337
320
31
667
665
174
671
332
76
500
232
249
647
492
580
871
755
68
858
490
708
825
490
965
713
926
50
836
11
343
979
389
94
199
101
488
396
970
528
652
998
577
656
160
314
736
811
498
749
841
764
278
213
560
506
685
610
905
958
537
983
382
760
696
697
536
193
33
495
683
711
204
896
695
567
342
176
892
411
538
783
844
352
431
408
625
688
583
267
539
174
824
163
984
568
614
123
635
873
483
325
900
223
971
755
923
348
337
479
230
642
265
499
121
39
886
217
478
539
231
339
369
923
62
647
39
32
699
693
536
741
254
481
689
859
791
491
138
507
152
713
935
133
894
769
137
608
578
744
107
906
315
591
807
399
188
916
400
460
672
708
504
445
78
685
503
299
304
898
96
973
832
281
588
143
821
983
227
149
59
352
196
799
46
595
708
918
939
247
297
670
152
737
850
531
218
17
659
879
476
245
289
913
998
933
938
96
166
810
38
926
507
649
884
821
746
58
206
946
616
203
751
782
928
476
739
448
435
661
607
995
178
806
128
89
348
686
148
644
504
260
491
209
403
829
312
111
901
780
978
862
101
894
171
670
955
332
212
981
828
760
515
461
712
881
416
574
362
512
650
917
113
293
908
881
80
789
912
951
405
420
953
618
213
747
386
204
808
272
609
617
972
531
436
595
916
688
218
897
75
679
37
341
341
39
768
918
370
841
752
255
715
951
590
844
59
869
720
646
453
680
1000
893
946
15
479
936
330
243
100
421
973
452
26
221
173
838
28
682
392
164
800
765
534
935
626
512
849
574
303
675
466
704
201
816
813
328
252
646
43
956
859
530
258
854
431
539
487
949
726
869
967
988
981
680
879
48
592
967
561
194
510
148
572
136
975
689
292
180
422
123
528
33
928
330
772
342
731
959
143
381
76
559
659
671
177
659
836
488
920
518
999
240
465
629
156
259
872
826
261
822
79
794
324
241
747
984
921
993
461
912
124
712
925
630
104
227
633
24
103
655
167
884
526
885
718
115
48
503
191
823
426
176
445
466
293
561
927
41
385
624
41
799
935
782
910
785
276
625
39
442
80
989
780
142
600
224
783
529
671
983
673
497
780
299
797
735
272
172
813
28
906
153
37
32
89
567
663
469
698
383
533
866
659
729
152
370
948
869
291
220
224
930
945
94
55
572
349
647
13
928
130
887
830
73
404
394
104
506
772
831
264
28
345
657
511
527
19
744
920
642
301
252
718
809
314
86
240
301
121
189
426
123
893
416
241
339
299
906
484
13
1
120
409
856
459
405
640
856
778
560
710
794
66
473
300
779
855
367
827
42
532
78
450
297
959
885
114
447
297
620
374
215
749
717
377
847
597
563
178
933
515
223
994
567
859
633
178
254
428
379
852
632
759
118
551
656
206
468
580
693
778
107
376
661
645
65
962
412
94
919
670
102
805
180
295
934
815
89
807
84
30
723
341
81
369
380
543
597
403
688
776
693
152
201
12
445
749
628
319
514
916
23
69
356
633
820
46
409
960
748
333
554
706
73
47
430
94
864
572
985
796
443
685
421
260
604
894
301
372
313
939
972
801
470
364
854
576
311
878
386
837
225
116
2
663
640
277
947
789
845
848
515
502
775
881
13
955
850
660
463
536
777
982
746
492
602
784
7
824
462
689
764
391
272
982
251
663
769
241
481
652
642
723
323
139
467
378
535
863
498
87
268
902
518
258
68
234
98
271
232
831
607
159
644
937
603
179
883
323
206
778
662
29
241
82
96
864
848
957
856
71
149
490
112
623
733
7
600
203
710
417
466
882
746
807
257
732
954
664
451
493
319
165
625
593
40
882
412
559
325
113
609
60
240
243
881
443
176
415
600
98
718
291
631
746
840
840
252
295
724
831
694
59
593
343
255
984
791
676
193
516
359
587
964
573
170
154
298
659
519
278
493
118
420
786
259
92
165
996
887
895
514
993
440
463
385
286
492
86
893
989
394
965
340
62
83
228
899
928
159
278
142
298
735
398
20
739
58
244
723
468
410
989
613
597
638
714
771
10
354
347
555
924
902
2
396
835
61
412
742
556
794
936
614
185
508
351
339
998
337
239
398
179
740
799
441
105
771
971
674
496
328
143
895
81
747
18
925
349
644
972
562
660
340
13
613
525
442
70
647
250
62
729
278
607
637
902
978
439
637
386
279
683
104
773
505
109
751
953
54
781
448
645
628
5
185
599
686
365
883
852
603
482
770
520
574
40
367
994
932
693
784
840
505
241
354
220
720
39
719
951
966
102
657
507
633
805
446
311
18
377
297
858
68
534
270
440
345
804
143
627
940
7
185
831
881
459
339
348
491
696
852
418
852
318
715
193
238
847
469
188
520
849
526
410
335
757
875
160
885
121
626
207
59
913
999
422
152
698
96
335
617
231
614
445
472
85
290
655
485
162
40
331
399
522
674
172
420
960
92
148
274
155
585
859
852
422
172
379
63
307
298
682
339
241
857
67
266
257
464
359
737
738
73
196
485
528
952
407
729
3
765
763
207
678
881
535
781
788
629
371
839
797
439
563
88
920
880
709
285
940
845
983
341
341
894
338
450
669
27
818
525
927
865
382
592
597
552
102
698
868
58
771
174
968
257
773
630
188
600
947
721
236
23
825
669
493
914
54
338
239
447
815
168
270
111
340
325
265
178
770
288
184
833
245
488
752
883
341
862
324
741
