516
695
727
615
386
785
758
546
120
329
219
170
22
830
588
967
232
548
538
43
840
381
396
104
694
366
128
859
30
429
178
434
342
719
920
213
197
838
474
993
632
531
343
528
437
629
984
798
247
515
511
137
97
520
373
260
376
770
52
883
792
915
851
255
361
489
95
383
715
139
963
112
470
262
717
456
950
40
336
257
706
1
208
772
369
579
593
898
730
212
575
39
549
871
89
114
438
153
841
884
70
16
417
599
161
847
382
364
172
244
80
134
978
662
522
367
864
22
652
884
447
929
227
337
550
855
726
98
380
828
456
889
636
108
970
416
170
797
551
544
431
150
168
989
449
688
896
644
288
371
788
74
275
358
86
977
56
978
82
755
774
916
917
268
932
827
875
163
549
590
124
217
813
350
877
241
828
791
1000
249
763
623
606
201
99
613
999
906
837
75
365
680
149
610
563
132
833
694
35
643
716
278
542
478
566
579
332
691
730
95
59
551
343
878
625
667
186
226
7
402
124
529
115
169
820
289
636
694
99
876
317
631
386
221
83
982
170
26
768
634
530
100
551
94
25
25
474
753
810
273
81
886
143
518
724
515
734
927
809
952
392
747
246
23
803
156
428
582
816
540
714
575
401
23
882
620
60
512
223
216
128
352
474
74
598
506
152
134
503
1
465
515
704
718
552
931
365
332
638
38
576
750
7
514
280
471
403
15
214
664
430
461
924
456
164
110
919
261
927
187
555
196
998
246
70
550
347
186
97
52
110
419
895
883
199
126
779
873
320
112
205
995
208
509
958
592
923
295
274
786
183
712
433
523
880
389
918
924
445
904
179
43
107
766
648
750
168
130
143
607
82
343
872
7
597
825
403
820
679
214
974
384
535
45
399
165
438
989
490
542
45
619
254
241
578
117
292
311
950
567
32
649
200
312
770
812
872
638
776
636
232
63
229
543
203
659
704
844
516
761
51
827
468
392
795
254
624
512
418
840
938
636
126
143
605
245
985
174
862
766
682
81
967
935
365
759
702
890
442
928
81
836
218
785
650
843
532
557
385
396
122
75
364
721
576
983
264
397
919
905
748
43
376
406
642
358
336
620
563
88
844
676
601
67
481
216
46
987
494
790
615
405
984
633
949
706
873
665
548
394
365
879
5
705
327
813
903
319
901
882
221
152
673
316
696
930
162
82
809
243
415
424
347
270
355
260
825
637
228
627
700
866
460
600
80
75
863
430
444
689
499
676
206
152
355
819
366
112
185
660
377
172
266
75
932
512
116
920
273
757
470
529
499
182
119
749
882
700
837
239
424
259
906
530
220
429
873
597
93
750
224
120
597
503
554
521
876
579
798
106
693
620
188
443
979
120
642
591
765
698
471
414
59
823
372
980
506
345
373
57
969
488
980
265
918
498
223
605
553
53
438
552
392
596
201
588
638
490
211
379
438
867
25
797
543
565
609
245
162
517
724
628
50
708
207
802
67
116
194
323
192
908
194
888
451
780
892
243
404
320
367
80
38
8
258
855
140
206
527
749
27
388
608
385
484
310
762
316
744
336
568
95
565
41
265
334
558
458
94
729
138
123
733
190
835
771
139
830
205
68
135
226
872
889
694
392
125
240
155
217
808
317
293
475
374
127
990
463
640
640
800
500
921
237
992
765
631
530
223
820
18
436
942
323
741
236
941
948
722
945
638
270
59
822
84
433
489
779
967
857
884
45
868
908
396
561
368
621
557
197
3
273
454
392
342
446
191
581
68
551
810
974
241
832
383
797
566
836
215
159
677
413
96
537
787
75
412
26
372
986
688
491
18
336
925
260
479
789
25
781
954
447
334
655
460
913
436
422
489
365
169
512
296
823
995
565
653
651
55
277
483
757
265
925
610
257
869
415
997
338
417
158
323
165
611
685
719
562
644
632
105
778
796
211
954
571
972
299
885
570
949
285
220
872
254
164
23
276
638
185
204
454
649
78
274
743
870
346
514
693
458
330
711
550
138
95
308
490
962
558
979
486
784
329
329
2
843
852
29
209
910
842
576
279
946
998
7
717
829
768
626
523
92
545
421
292
965
463
162
771
178
462
186
627
42
108
648
814
717
60
697
77
430
633
908
182
36
865
536
119
255
961
49
466
768
6
156
8
879
559
452
304
585
235
997
905
348
959
778
409
601
247
664
147
378
752
151
360
524
577
934
290
933
295
17
568
568
533
912
995
836
866
844
710
132
850
540
673
966
924
366
898
1
914
747
626
264
417
831
897
119
375
935
494
228
477
520
349
48
799
558
669
706
996
50
456
789
913
178
238
708
28
775
164
723
495
846
231
181
71
310
617
729
803
670
433
170
254
40
336
496
559
939
365
727
648
210
50
709
630
970
179
460
238
511
881
192
349
226
541
940
444
689
935
118
266
264
447
520
239
817
713
698
292
249
986
69
163
456
979
933
283
647
816
423
382
551
498
601
880
742
166
574
728
254
853
612
261
321
96
92
139
636
857
61
296
54
392
583
420
357
734
735
30
688
247
468
802
167
679
271
973
648
618
941
534
56
34
594
33
581
590
277
357
790
973
1
654
113
488
780
459
368
633
962
385
569
834
510
277
692
874
21
186
961
699
448
431
969
718
157
251
635
900
110
671
782
703
830
912
534
572
646
80
566
79
292
621
174
84
187
633
527
881
340
925
414
947
68
67
508
804
325
291
87
74
248
154
628
33
932
545
923
452
487
771
627
404
83
994
229
670
916
56
191
669
309
867
614
841
49
262
119
13
841
775
666
154
412
891
343
224
788
418
257
756
953
873
735
723
400
879
24
905
246
693
151
606
166
228
988
720
574
52
154
83
171
317
810
531
833
670
890
719
834
333
44
390
656
935
229
432
565
64
231
10
737
141
502
88
996
358
213
423
964
336
412
289
659
699
899
545
243
338
114
368
902
684
790
680
486
613
444
461
849
844
814
890
238
985
698
297
60
813
675
568
968
499
548
539
546
166
564
92
174
672
78
298
360
440
980
916
904
769
262
723
796
867
276
589
383
401
540
585
687
233
396
71
128
155
804
246
228
74
790
30
527
337
677
410
745
603
831
625
941
127
154
977
924
689
748
418
162
839
728
253
885
68
870
45
943
660
236
839
189
858
627
919
186
187
937
76
579
697
536
318
8
987
998
274
157
872
801
142
369
852
767
561
514
164
453
722
747
865
776
214
436
227
198
466
306
458
38
702
387
467
16
40
666
63
976
28
521
242
79
331
225
570
330
66
746
439
411
864
972
706
36
375
634
146
690
897
363
506
102
585
653
701
68
959
332
316
180
168
190
460
740
443
400
971
719
492
253
443
903
57
980
137
880
247
909
132
663
544
424
19
573
893
963
302
491
960
162
237
231
316
367
798
238
367
185
539
845
228
960
33
182
377
900
806
128
252
519
155
438
317
110
619
722
163
47
810
626
755
955
813
42
861
166
587
71
253
757
607
591
164
449
99
247
328
608
662
626
611
646
910
131
169
476
573
718
974
929
26
192
745
450
665
882
176
571
229
904
996
836
554
56
262
414
634
489
11
489
78
104
886
617
646
491
506
739
76
924
550
594
806
181
439
175
517
835
636
837
529
11
774
25
650
853
590
83
160
630
657
747
126
67
749
907
759
541
380
816
947
722
202
894
336
800
884
508
485
370
626
798
655
594
727
541
346
109
200
181
516
558
900
884
65
540
309
606
82
501
908
783
908
401
746
797
359
870
606
473
932
403
202
412
915
157
676
811
488
151
825
878
783
9
789
248
511
828
807
193
496
462
586
4
362
104
229
669
62
315
489
248
769
876
617
318
130
977
958
95
88
257
876
252
464
434
946
370
248
627
126
163
66
797
329
812
658
524
323
415
428
109
408
128
910
710
741
381
682
705
378
814
942
473
176
577
710
296
174
760
60
351
708
37
75
624
601
489
59
297
367
770
734
913
729
241
762
882
302
326
701
927
798
258
541
623
369
838
326
885
725
402
536
784
22
399
597
72
203
802
824
897
500
8
829
485
308
290
599
207
556
515
724
188
374
506
41
565
863
99
131
122
494
759
571
686
815
398
802
248
925
634
763
461
947
749
286
99
195
331
513
640
73
711
294
110
701
520
514
641
99
88
544
285
438
944
287
185
750
996
876
552
569
509
942
152
60
387
141
167
340
343
890
983
308
958
117
714
374
989
870
51
970
998
644
770
984
972
598
857
299
586
882
834
39
816
293
362
908
1
489
327
109
303
269
310
835
802
194
217
826
916
126
524
603
489
191
416
501
682
348
560
93
563
940
458
909
75
544
181
852
806
488
664
377
360
262
851
999
36
119
311
833
918
895
671
232
72
219
322
196
133
721
223
924
735
973
424
338
944
489
225
763
62
602
732
115
552
205
762
206
99
203
460
115
131
593
619
953
181
248
185
821
415
979
243
505
679
400
779
246
655
320
698
384
421
109
580
788
326
237
725
542
503
95
829
96
453
599
948
399
812
171
71
240
648
797
719
862
28
764
265
59
723
153
824
447
786
180
366
998
780
711
348
385
320
322
169
262
942
228
29
210
30
671
477
396
352
473
263
321
729
79
958
129
133
799
518
357
686
106
21
300
319
614
299
750
967
375
425
807
381
622
190
697
338
436
943
763
134
170
694
169
441
173
711
357
33
222
674
897
610
862
821
504
748
392
498
321
397
687
777
583
876
569
112
223
148
666
63
729
767
521
782
158
209
464
610
625
722
733
498
307
823
792
630
127
542
287
331
457
767
530
381
928
161
305
879
130
569
666
832
834
736
188
57
294
972
40
310
595
786
312
131
185
141
889
66
66
623
913
487
839
408
714
167
334
631
295
390
40
569
121
213
95
169
774
570
635
327
743
650
670
510
128
841
923
442
142
732
787
578
600
803
947
346
479
19
420
803
445
638
453
316
155
311
350
887
361
58
981
662
414
697
162
520
97
497
987
845
29
935
693
652
404
48
663
509
255
620
320
657
369
407
732
975
47
660
878
396
98
217
119
252
308
192
523
777
976
977
474
226
640
370
873
65
41
461
895
232
470
370
793
724
486
501
558
743
578
870
808
413
275
99
104
375
466
904
974
970
137
402
966
301
512
533
706
627
161
103
33
598
74
362
653
755
726
655
425
91
808
425
941
413
679
669
699
502
183
339
963
273
527
238
998
838
57
298
356
375
576
979
352
343
882
718
494
323
503
428
602
104
860
222
239
168
705
667
509
78
576
199
162
575
653
907
250
601
760
573
974
266
280
700
693
832
306
364
435
734
123
163
847
569
911
221
407
207
339
264
964
752
199
499
1000
570
797
647
396
830
631
108
919
279
23
37
931
803
627
378
18
514
50
765
124
332
416
557
346
617
109
390
603
384
53
326
640
771
906
976
813
11
863
175
436
116
25
163
922
902
97
905
831
429
296
554
807
162
882
398
24
321
471
309
827
194
500
857
580
39
240
884
860
934
665
500
100
620
790
671
381
441
918
290
588
132
781
375
838
753
732
772
38
889
967
181
421
480
138
722
582
635
7
928
871
940
246
822
347
754
783
577
57
616
15
959
991
169
899
791
886
41
394
877
220
968
261
28
421
746
861
644
63
461
139
654
961
448
475
304
545
441
787
20
139
247
93
737
606
958
836
67
48
641
677
788
12
742
786
114
79
933
857
730
608
656
422
978
149
933
506
377
842
230
631
321
582
348
940
138
492
144
699
453
129
837
80
737
150
10
616
469
917
717
487
959
875
308
933
575
422
200
947
634
898
556
518
242
1
629
176
168
589
430
234
193
953
59
211
656
922
494
558
424
416
823
188
542
104
281
179
683
916
267
292
781
744
977
752
383
904
408
691
565
491
722
40
96
19
141
760
991
516
658
892
932
968
399
358
877
246
422
644
589
137
925
960
586
541
840
652
234
947
358
92
513
924
55
797
143
287
354
310
718
264
31
298
479
640
780
333
907
600
364
346
94
767
206
412
429
711
77
105
673
996
117
940
363
887
451
510
570
21
936
793
336
152
530
877
631
914
379
764
908
392
589
354
650
621
131
19
817
416
894
967
725
273
978
123
458
108
696
573
195
149
447
329
358
310
896
623
595
258
863
260
923
482
688
773
456
463
231
333
138
346
160
177
218
76
811
810
891
44
653
331
572
545
849
276
779
926
683
304
191
118
316
614
735
839
492
148
78
319
823
683
106
943
826
531
984
657
696
711
86
115
377
770
882
335
390
21
605
685
36
309
634
154
491
622
522
70
596
369
161
45
930
740
34
846
522
193
940
76
781
469
259
130
714
179
681
683
70
658
175
584
666
835
18
2
543
808
745
221
77
149
934
760
478
757
412
496
623
635
32
47
120
50
470
780
415
683
566
422
773
147
590
155
677
188
195
829
547
194
369
514
405
934
265
178
281
955
519
413
502
595
409
383
500
39
123
288
657
670
38
277
628
224
747
287
723
452
392
604
776
933
713
384
452
523
396
531
786
877
854
658
751
432
244
152
446
661
510
893
82
604
502
686
116
942
88
859
17
851
220
306
931
699
682
346
843
492
220
377
717
975
802
264
660
898
57
336
24
827
882
838
595
681
734
682
588
809
960
433
386
989
991
744
932
857
12
825
952
420
335
243
979
233
348
862
127
152
574
496
128
695
548
371
274
374
532
638
839
596
885
26
648
578
142
654
420
151
54
300
920
601
148
327
810
130
419
306
806
132
946
339
153
432
206
657
12
717
235
941
878
500
521
752
623
457
55
788
868
671
617
162
625
287
331
921
519
131
959
612
286
453
938
623
794
621
389
643
907
366
421
183
968
952
581
580
526
671
427
690
271
561
840
644
718
835
923
367
812
155
328
672
466
978
691
248
861
195
671
92
340
398
179
980
794
317
637
618
949
326
728
385
385
571
399
542
867
110
908
106
770
675
184
402
542
252
512
835
567
238
512
83
751
18
548
574
420
55
497
194
242
997
494
18
502
551
958
709
191
286
835
31
591
526
76
22
620
656
401
177
654
965
988
365
144
758
933
914
48
244
470
217
731
373
484
375
861
544
839
799
327
53
279
160
380
709
832
646
139
757
409
368
516
620
372
921
189
788
336
478
414
528
39
605
162
949
66
558
209
540
852
373
900
79
516
888
976
349
406
250
771
179
435
320
381
380
634
423
480
725
261
47
531
773
182
660
982
915
978
950
944
996
799
927
159
362
144
126
42
209
809
357
950
252
809
463
78
317
250
845
649
25
559
334
663
695
685
751
617
714
463
112
867
312
3
875
706
590
992
55
735
928
304
833
75
373
513
488
695
83
387
515
680
109
605
401
733
336
167
592
688
322
989
223
152
443
167
272
253
836
200
683
739
260
186
103
734
56
690
187
146
155
320
349
246
206
958
583
866
11
137
977
109
821
589
250
253
492
209
173
288
368
185
455
485
902
234
423
701
960
72
884
791
484
744
713
928
681
524
422
830
528
523
507
372
269
625
859
275
805
487
168
722
112
340
221
822
861
499
766
548
188
517
717
464
304
413
599
230
812
209
9
798
96
776
188
692
15
669
795
488
480
617
30
43
708
666
211
166
279
340
24
178
625
1
123
690
429
190
447
138
556
2
540
878
461
711
389
896
78
736
785
867
926
839
629
667
314
936
251
287
844
944
463
914
678
409
970
850
51
290
186
460
676
499
310
824
317
904
985
864
654
872
96
875
210
406
535
449
270
480
189
514
40
724
595
566
290
999
702
255
478
715
924
466
614
862
419
72
583
52
368
713
308
80
482
74
463
491
746
338
390
241
652
475
347
476
750
905
872
249
865
205
230
166
295
22
656
84
151
186
954
79
256
141
390
537
581
809
312
208
966
842
972
245
452
314
282
68
575
447
59
210
64
555
89
936
490
156
651
891
289
728
840
328
659
894
101
682
653
978
553
318
793
830
487
835
727
33
999
318
681
727
974
366
518
498
286
827
424
786
968
89
888
656
402
791
889
350
562
603
507
215
936
310
715
32
689
573
358
269
712
428
507
186
725
394
61
5
13
571
861
804
66
554
501
859
360
42
520
266
448
500
240
855
402
88
494
43
724
502
765
431
677
147
946
174
152
344
746
989
570
258
669
519
252
420
421
926
744
959
731
621
989
434
191
529
740
86
835
709
305
538
912
382
348
864
798
456
203
960
124
376
77
571
740
135
535
785
362
891
825
431
66
730
616
880
146
432
372
551
944
955
282
411
253
210
402
774
258
844
882
25
546
354
5
759
519
437
955
31
816
296
937
464
469
583
704
35
868
502
77
900
998
373
622
853
481
649
909
537
256
488
888
756
810
554
606
193
408
755
828
381
587
934
327
894
355
154
849
718
31
931
362
780
945
840
576
91
684
415
700
445
463
290
869
53
145
506
294
300
899
157
34
188
637
621
547
911
136
835
874
333
811
128
522
627
68
763
220
846
362
815
869
533
676
749
98
560
750
392
651
472
354
290
720
464
447
551
804
668
785
77
202
633
704
830
663
870
127
456
264
519
525
981
921
565
682
990
456
890
988
896
228
104
424
486
987
306
917
724
712
447
430
45
637
228
979
726
318
822
843
534
155
155
654
200
917
997
820
911
966
310
617
345
255
898
658
753
559
743
426
599
700
727
180
57
157
788
901
290
425
170
132
653
316
783
738
11
508
196
300
290
772
797
186
169
545
296
435
566
971
124
833
834
693
242
1
88
650
942
443
437
667
521
740
543
144
969
41
458
90
86
137
472
523
100
695
314
743
289
964
774
626
684
601
957
972
333
978
599
496
268
74
768
258
991
600
398
702
397
84
658
482
552
698
478
666
482
188
652
835
324
254
822
691
280
160
380
955
124
151
984
999
917
701
312
766
666
859
464
396
616
361
368
203
634
339
440
317
274
709
321
101
804
260
48
363
230
459
442
972
95
16
490
624
427
346
733
836
722
126
195
721
503
681
375
824
35
933
876
741
815
885
542
523
20
960
143
637
467
804
390
334
971
509
533
833
773
660
875
526
363
223
788
768
407
671
519
665
233
561
74
713
629
456
526
456
56
500
332
180
10
36
295
250
597
761
367
875
550
302
838
93
512
770
888
795
146
148
296
439
792
233
723
276
413
814
41
972
823
554
235
209
530
439
943
147
748
965
189
511
937
147
187
695
741
414
165
949
142
510
218
39
496
120
938
558
730
106
456
241
799
107
911
279
92
934
263
171
302
228
457
157
361
287
838
48
661
117
362
852
737
564
722
925
515
245
137
635
831
378
351
815
403
205
459
901
253
424
337
665
997
64
623
867
690
131
995
29
33
215
106
907
462
906
268
61
108
813
502
880
859
743
886
18
445
64
633
318
570
399
108
181
164
347
473
191
833
812
286
717
726
390
541
420
615
681
275
250
902
284
927
112
446
869
36
613
701
934
982
885
189
192
622
190
99
685
224
943
12
108
615
38
683
620
929
672
85
459
174
254
945
335
261
791
49
677
983
116
623
28
452
926
655
468
713
310
511
932
510
25
998
930
965
164
598
198
249
829
851
278
735
159
956
28
700
861
406
381
58
900
946
143
451
478
106
32
584
297
460
372
213
278
534
996
888
729
392
472
317
17
891
546
34
570
107
69
15
516
535
485
27
591
848
530
813
329
197
511
909
129
759
315
884
771
882
147
83
992
827
120
700
603
874
718
601
85
3
107
580
804
614
506
244
271
435
596
616
7
317
657
585
531
289
555
930
51
424
276
784
886
443
541
557
873
391
903
456
646
634
80
245
25
912
642
342
799
301
279
484
426
644
522
798
238
144
354
42
533
782
287
127
860
810
726
930
435
458
536
791
989
943
21
38
659
691
14
32
435
416
650
493
622
506
361
497
40
221
353
937
530
828
389
489
161
539
818
60
5
45
551
582
9
576
270
838
411
703
30
928
934
580
795
80
317
374
449
405
508
251
429
536
100
751
856
989
541
583
873
113
63
883
178
878
394
236
886
913
821
187
812
636
903
566
389
528
847
7
52
760
914
521
424
959
404
895
684
212
663
83
767
824
158
417
397
264
623
89
220
902
177
573
669
545
767
389
534
37
79
444
490
194
324
334
803
598
281
663
420
929
761
426
661
562
335
161
598
158
684
792
231
655
103
598
771
168
685
132
792
670
604
987
636
177
638
459
31
577
106
356
88
658
734
912
481
979
560
239
307
859
725
517
327
612
863
968
899
731
627
414
711
933
863
678
524
977
228
501
303
501
242
928
642
587
601
645
210
975
311
432
727
98
591
961
550
362
633
396
722
339
456
568
430
506
575
597
830
301
553
580
390
568
883
199
721
175
945
692
873
986
621
642
225
903
368
892
660
288
28
605
83
68
252
500
190
200
8
230
169
525
1
93
19
49
803
240
854
63
530
272
853
799
77
183
137
335
982
298
606
827
860
982
987
327
270
28
77
521
461
430
855
819
877
43
327
767
612
696
876
886
7
494
16
27
822
868
838
217
569
128
163
72
496
116
369
450
543
337
148
278
770
243
152
148
826
704
476
527
105
833
910
728
473
639
273
725
94
727
720
431
205
935
415
709
604
778
571
580
176
706
598
944
371
484
437
77
881
390
86
410
118
171
918
481
301
920
514
197
578
348
662
167
792
56
188
522
725
638
985
447
182
344
92
387
68
401
485
526
892
254
351
446
951
849
943
223
88
304
584
165
398
726
385
751
120
15
25
554
380
154
441
544
68
286
876
21
49
430
692
346
333
398
273
493
445
180
632
611
362
920
257
732
490
575
793
635
435
604
330
520
945
918
365
998
196
773
565
725
756
63
277
791
174
191
264
306
837
945
777
623
588
745
870
159
760
514
91
964
310
512
270
591
751
18
6
350
246
186
395
509
216
967
29
384
597
772
906
466
105
382
200
22
10
749
929
796
94
243
596
525
541
649
462
678
116
875
48
100
353
15
780
811
526
200
635
113
822
859
477
595
284
199
991
716
99
173
78
999
972
598
199
528
789
182
672
294
918
23
290
394
984
502
938
733
507
143
88
60
169
983
767
139
849
68
650
725
551
47
606
274
322
694
135
478
295
185
697
752
499
115
499
878
677
587
446
284
43
744
166
964
16
864
953
49
86
832
417
950
669
417
562
460
857
14
130
304
914
588
997
554
184
25
798
957
90
856
684
276
486
263
733
689
660
80
372
375
507
752
207
978
35
787
326
641
993
381
408
995
462
340
882
653
942
834
109
894
269
353
787
41
163
702
262
507
821
564
191
147
622
124
598
94
354
897
575
807
856
755
135
536
205
734
536
595
673
514
253
893
796
924
621
524
270
407
522
848
692
70
495
900
422
944
953
482
507
947
411
752
920
93
910
909
180
256
303
478
323
772
103
644
840
515
115
899
546
224
461
112
84
129
189
117
810
856
777
14
541
40
676
258
506
416
891
358
616
446
849
15
554
664
926
661
920
802
465
117
539
10
181
811
11
276
163
655
422
32
423
679
835
323
620
573
986
395
695
204
705
181
640
523
766
798
304
740
295
947
954
324
6
577
503
856
381
84
385
151
159
500
699
197
771
182
819
502
649
451
685
398
983
251
473
55
823
282
217
4
679
106
849
234
627
485
674
80
799
739
61
606
503
948
239
354
798
149
808
567
641
485
679
504
220
889
694
119
281
117
261
577
61
808
662
24
508
818
756
477
27
362
312
737
77
245
631
970
171
553
522
450
706
53
852
335
927
468
846
101
308
50
22
350
457
769
292
417
914
891
467
178
972
932
41
108
591
721
349
586
110
502
541
679
79
881
972
136
380
247
111
914
541
268
783
563
994
925
370
744
353
391
75
196
660
989
391
426
608
968
986
596
487
764
937
698
684
834
314
636
212
979
327
708
746
470
154
971
618
577
277
812
889
641
559
232
531
358
906
763
850
447
322
879
48
940
562
871
132
372
639
986
304
558
159
663
247
605
711
453
179
959
566
276
869
328
285
868
135
737
859
118
882
475
753
687
717
590
802
824
425
821
36
383
678
131
994
518
489
556
648
839
739
292
379
117
250
289
286
528
638
788
843
732
924
234
260
939
57
762
647
406
427
520
795
553
868
232
826
532
829
195
542
383
545
492
976
280
682
830
299
780
330
969
24
394
687
347
908
743
728
861
556
865
213
406
770
441
479
897
61
45
266
750
368
557
975
156
206
601
10
684
271
665
136
187
28
58
299
723
993
207
438
264
150
823
300
737
362
97
345
164
274
231
868
349
986
543
262
534
521
650
295
774
813
871
896
643
241
206
26
703
633
781
426
223
958
987
79
49
383
957
582
172
603
392
754
724
197
357
627
602
642
613
302
378
79
154
569
212
958
310
837
901
163
83
431
661
592
800
182
704
635
519
670
829
320
97
835
226
260
658
352
78
490
490
399
353
318
71
600
793
289
531
199
228
564
32
752
444
617
801
600
160
423
480
717
993
147
827
666
294
396
363
414
934
115
398
956
585
439
320
348
6
102
313
660
490
739
628
939
174
755
517
968
464
281
387
680
271
682
872
433
871
772
437
950
777
976
27
719
973
546
757
648
424
877
224
7
572
799
898
189
478
360
130
502
505
680
419
144
605
348
128
520
139
888
234
343
517
483
56
533
970
775
451
190
812
625
273
83
855
514
884
750
176
843
629
198
604
488
600
652
450
943
81
737
700
262
747
989
832
808
255
195
235
46
231
757
972
403
477
506
984
148
737
659
95
679
985
341
994
922
621
231
320
511
99
741
185
4
900
32
835
180
383
107
710
932
197
854
881
17
505
82
853
805
668
834
705
322
397
356
304
254
910
795
293
731
23
684
841
84
127
173
101
422
755
356
36
803
317
539
336
342
865
386
612
350
556
655
431
207
417
560
82
147
872
217
714
222
538
988
851
276
822
324
178
443
838
686
490
744
987
806
323
232
912
230
241
59
599
517
474
973
822
425
829
154
865
81
363
814
59
351
502
911
529
38
495
292
668
490
425
979
92
650
491
271
139
234
345
638
79
231
755
431
245
407
820
288
207
990
67
956
738
85
192
487
951
966
5
429
877
495
751
115
339
955
51
551
305
137
930
200
405
587
615
601
110
251
447
414
179
560
634
7
994
446
292
269
644
893
58
645
448
365
58
831
665
822
606
764
779
954
471
861
194
775
823
183
262
925
431
762
302
435
322
793
540
59
761
98
898
350
294
833
966
701
419
144
16
322
97
137
174
883
327
47
366
325
555
359
300
134
657
970
972
488
272
31
992
67
607
196
327
362
485
299
380
822
590
176
580
94
327
209
384
981
417
886
539
445
780
997
6
32
717
41
36
605
339
297
954
845
470
936
802
937
394
117
433
553
262
7
529
307
652
339
548
308
741
657
281
191
204
666
588
130
666
544
17
5
726
381
402
709
350
839
686
963
366
996
578
555
404
426
676
978
51
971
575
119
962
924
650
262
108
950
546
864
818
957
442
923
263
258
430
912
122
884
655
212
526
108
640
384
665
958
474
333
783
885
731
563
533
997
747
219
995
568
148
220
52
6
50
90
281
880
351
949
375
579
853
866
371
150
345
191
552
655
54
743
696
546
747
775
433
992
302
290
674
985
351
591
60
374
555
888
364
338
227
853
393
204
772
83
774
321
6
190
1
679
903
909
199
407
162
980
354
165
384
322
259
943
720
568
668
823
13
23
179
801
320
468
990
160
401
630
327
241
573
760
245
908
541
184
224
37
104
391
353
758
889
481
1
938
794
274
551
532
7
850
549
416
682
940
237
186
645
114
602
640
667
794
248
110
119
406
897
715
548
195
715
30
370
806
380
972
865
476
501
333
449
627
671
230
110
329
441
801
792
797
170
130
719
453
157
13
33
556
317
705
281
52
120
745
745
195
166
321
549
8
540
737
104
691
983
968
1
380
568
901
846
927
886
291
634
27
77
257
605
737
868
324
126
814
181
119
952
446
862
316
773
253
634
37
696
538
465
709
912
859
548
257
849
36
161
306
127
598
675
870
6
147
879
173
653
178
240
674
649
704
124
560
317
507
73
893
836
766
476
863
964
367
602
403
975
870
976
123
750
802
715
376
134
222
985
701
802
680
167
171
769
709
431
322
721
381
940
456
983
680
134
356
589
247
166
490
67
110
613
930
290
524
636
250
19
534
515
769
40
5
886
555
642
799
469
482
765
888
753
693
235
919
54
373
131
333
906
275
444
399
232
354
782
266
265
637
691
921
738
752
1
539
152
996
815
315
154
816
337
235
979
662
990
897
159
740
323
187
785
18
783
994
719
731
261
418
789
395
872
734
492
389
212
477
895
397
223
955
372
58
492
478
545
897
171
252
56
227
313
511
547
889
309
555
624
23
124
803
778
346
671
421
188
188
879
720
11
826
561
335
974
303
912
349
464
226
205
243
179
924
33
194
47
759
852
493
990
365
901
192
265
524
160
582
666
561
22
704
311
61
324
441
254
881
332
996
99
156
154
808
238
490
226
222
215
221
478
507
138
470
485
286
337
741
470
747
24
205
992
774
925
947
756
172
479
675
360
21
792
129
881
906
621
294
322
610
890
636
786
88
376
615
265
642
228
995
381
126
27
91
952
734
502
196
882
698
443
449
882
327
611
209
621
468
248
201
133
65
461
900
179
589
779
324
869
91
211
609
102
638
266
871
107
86
13
488
641
408
701
899
875
715
993
396
648
197
796
581
6
489
606
111
833
492
210
404
827
176
64
110
602
514
561
411
314
5
70
87
670
482
895
791
799
961
90
826
40
283
566
766
481
452
556
824
643
638
523
292
338
435
765
638
691
796
409
962
335
417
157
408
139
37
920
95
334
512
27
46
201
818
607
293
805
345
717
126
910
562
363
696
652
509
86
250
83
29
299
357
132
670
492
825
394
395
671
192
562
378
296
720
84
251
994
491
829
34
694
988
482
394
545
157
42
837
479
499
555
36
485
259
900
741
158
777
726
626
135
185
273
622
695
187
438
746
788
522
20
526
291
508
997
647
468
511
337
907
153
250
959
690
346
287
849
166
550
980
935
168
69
419
828
443
440
111
959
445
283
220
526
473
446
581
923
964
542
839
306
386
771
112
59
747
600
108
21
554
739
875
311
690
57
692
316
432
196
439
607
648
29
777
264
866
299
555
943
176
41
644
901
26
694
600
465
327
797
895
903
335
646
662
272
950
654
855
322
810
538
530
597
508
586
460
538
247
187
280
919
331
706
74
823
442
151
471
870
363
659
770
996
571
90
252
592
849
999
755
404
676
410
852
674
174
391
31
85
627
415
290
258
627
750
882
613
379
504
849
547
931
594
488
355
568
489
138
302
896
795
986
600
507
504
584
217
553
570
86
408
762
646
390
439
193
189
206
318
926
119
144
531
306
328
605
250
840
457
450
291
785
488
627
204
289
308
433
750
456
421
732
761
337
21
969
850
989
238
973
259
786
423
572
292
271
229
522
389
20
290
123
169
130
863
430
877
13
938
607
135
171
683
235
491
208
474
609
807
268
562
691
409
879
182
378
5
853
877
991
882
918
867
831
807
784
865
296
130
62
14
710
271
306
319
558
633
700
562
24
614
631
771
37
786
854
103
146
415
868
397
956
931
986
993
269
293
214
104
978
4
741
603
556
786
597
888
493
708
51
720
879
520
671
26
709
764
408
944
592
733
743
914
247
460
571
176
684
236
124
713
944
31
546
759
653
662
538
195
503
296
84
734
389
333
580
100
387
717
207
646
177
311
690
619
520
494
485
149
440
941
868
969
115
432
683
285
102
844
740
19
41
673
878
866
606
863
137
659
861
885
107
109
120
955
469
146
488
793
543
33
198
502
921
737
786
902
437
250
326
495
981
668
736
862
793
911
382
191
219
759
114
333
591
60
383
266
51
194
195
310
311
89
733
81
331
602
264
96
575
865
121
383
470
903
70
165
892
534
777
433
132
253
466
414
96
395
684
505
469
319
633
642
840
950
943
653
607
272
428
871
376
76
839
756
955
591
216
319
238
427
83
36
292
997
349
340
570
522
390
720
445
715
258
929
1
984
275
372
215
136
881
731
284
86
582
268
69
682
101
962
102
495
175
804
388
960
119
795
137
723
67
954
716
888
871
664
691
141
920
139
966
168
431
728
168
84
372
936
553
689
482
695
837
33
32
199
890
861
728
452
872
249
351
504
57
13
384
362
311
663
665
514
919
907
824
161
351
299
435
368
31
966
715
303
462
794
921
573
629
334
683
880
663
601
355
20
398
923
401
279
476
76
104
135
440
765
614
564
638
694
521
229
858
657
495
771
277
561
867
175
269
36
333
788
770
432
363
777
157
46
571
797
740
110
869
706
987
202
516
306
859
791
506
619
943
624
659
627
756
512
989
694
411
179
491
730
775
811
620
825
236
703
631
303
799
512
530
622
655
204
925
980
731
683
423
559
366
175
391
136
951
419
623
594
584
941
152
583
714
659
37
348
968
653
768
370
243
74
200
195
571
655
32
627
410
652
918
701
647
121
598
98
413
935
445
104
155
357
97
270
114
610
962
278
602
162
622
561
269
548
51
706
265
145
164
707
60
456
491
507
979
45
290
657
449
150
601
324
207
851
74
488
521
649
434
784
194
478
634
49
789
816
954
146
848
787
532
908
746
467
950
111
626
572
356
815
771
833
778
698
930
965
936
924
792
370
167
785
351
932
293
942
712
455
298
257
953
1
521
772
16
889
22
292
684
763
214
365
796
567
53
223
956
972
777
510
131
414
900
978
828
302
113
460
11
538
921
900
698
523
1
936
539
97
139
431
667
873
324
481
907
331
961
294
137
162
514
662
335
129
986
960
344
499
777
473
415
544
953
109
934
653
954
625
449
538
361
808
203
472
977
18
902
26
29
828
13
909
727
510
143
878
125
506
703
172
544
173
394
450
529
347
116
763
488
625
891
337
699
955
94
692
648
268
304
798
263
613
959
438
905
694
723
677
313
182
801
445
644
73
146
999
194
327
989
361
133
439
944
947
19
291
155
133
627
235
582
910
898
819
92
292
384
530
102
183
583
345
320
533
541
362
198
485
860
57
117
830
899
844
304
260
153
921
150
851
379
451
621
870
405
906
861
580
665
759
249
746
68
451
831
304
515
503
145
499
336
77
644
595
679
199
95
166
40
223
863
661
265
654
581
105
703
63
56
618
310
880
956
272
623
327
357
605
373
772
633
932
463
816
955
735
491
847
738
665
123
904
157
173
814
520
435
784
582
188
676
650
319
515
527
38
173
396
460
721
496
881
667
555
760
570
735
710
185
319
374
654
391
469
260
482
318
937
618
601
90
825
807
881
138
212
428
582
479
589
689
749
236
902
791
199
496
201
597
958
315
827
33
420
81
907
693
441
158
896
586
857
481
632
195
91
627
144
95
317
655
311
580
338
346
595
860
371
422
20
480
737
94
87
973
689
312
490
119
376
809
54
940
533
526
517
78
260
800
497
628
524
863
878
657
773
502
515
241
193
147
951
733
47
175
477
569
580
449
708
800
540
761
146
810
307
573
509
984
994
608
899
749
990
606
999
680
87
431
403
95
18
539
495
6
934
500
372
936
103
419
172
538
936
991
65
271
903
524
682
135
489
529
480
798
267
187
438
75
442
462
672
142
215
559
927
613
992
383
880
883
22
796
128
69
337
693
14
176
607
341
850
716
503
949
639
249
304
73
576
179
341
361
81
722
161
960
502
191
431
834
641
834
858
939
801
233
491
714
713
842
740
265
755
623
307
732
95
466
107
297
491
366
837
31
297
84
132
908
705
628
36
447
530
933
49
100
344
183
796
683
77
869
988
126
841
337
502
429
39
635
685
637
988
58
564
976
925
930
665
512
378
12
432
587
715
52
403
239
715
978
241
923
886
155
825
742
865
809
531
660
63
13
131
387
727
919
999
364
497
839
826
766
238
261
282
462
192
980
631
183
473
334
347
41
860
361
363
204
844
199
645
938
668
581
491
891
94
445
260
120
928
602
238
103
282
487
655
3
513
189
525
523
746
319
36
70
775
97
883
60
387
799
224
599
540
710
966
525
847
983
255
878
189
720
562
916
17
670
96
182
708
967
294
436
874
707
186
403
294
399
83
925
136
990
521
27
300
235
163
62
659
184
481
320
729
111
181
914
83
118
325
183
289
883
707
326
354
13
334
265
626
486
254
524
201
8
315
641
520
879
18
294
57
882
424
137
566
682
238
996
303
946
959
879
742
706
56
795
839
967
579
85
760
97
763
256
692
643
312
541
204
548
128
754
37
847
357
114
496
784
67
460
95
27
951
129
931
917
921
72
374
634
955
157
897
989
587
567
418
412
807
406
396
452
843
551
447
484
428
225
116
813
107
290
712
862
450
514
255
175
825
497
519
247
599
11
62
311
586
208
786
855
70
517
227
186
662
755
165
893
308
328
337
204
790
415
871
368
685
804
665
423
139
228
39
176
962
564
19
461
298
357
113
593
47
478
404
973
490
81
112
829
228
478
679
86
358
2
920
49
642
289
902
332
197
444
665
316
428
807
368
388
920
914
74
23
19
323
64
485
306
150
248
180
848
953
27
175
183
878
204
531
968
818
960
729
756
429
394
133
817
465
447
937
304
95
670
804
932
354
383
201
878
557
33
336
14
192
363
520
565
145
170
508
630
101
514
847
66
436
692
251
960
450
404
14
171
171
594
39
933
606
369
689
523
188
187
505
526
646
252
712
780
582
735
951
465
791
120
708
138
820
646
687
308
422
196
96
60
169
828
675
634
987
71
561
143
879
653
233
791
675
807
887
395
65
460
208
532
218
636
38
30
844
274
211
749
120
134
960
480
596
731
928
981
375
929
650
321
738
281
595
366
85
905
592
253
609
942
864
543
766
312
475
787
923
949
331
918
586
688
232
495
215
140
360
573
457
678
635
51
307
453
991
60
742
28
511
714
356
886
67
935
603
412
40
754
846
455
714
471
911
508
679
62
178
531
316
115
412
938
318
593
768
929
990
842
623
570
628
70
900
694
723
925
726
274
179
269
50
626
882
694
411
798
802
105
902
72
732
330
961
491
100
629
417
954
795
867
272
748
243
673
633
502
725
343
356
527
939
821
872
461
78
328
173
634
50
635
706
412
253
947
421
923
137
452
730
760
574
257
712
29
891
560
807
643
805
1000
223
668
899
265
703
845
399
52
585
329
656
860
230
456
512
877
238
465
878
819
661
261
398
572
213
863
474
782
731
591
770
371
816
662
313
763
538
213
127
11
507
998
561
415
321
116
826
677
554
344
177
804
300
807
586
523
506
553
366
859
111
376
402
531
11
328
264
865
817
556
695
67
331
699
661
769
412
192
43
383
138
454
882
426
593
222
766
885
648
939
847
617
910
386
555
456
302
77
852
78
951
779
84
902
171
99
835
959
388
208
169
477
956
30
605
268
475
240
822
443
398
190
306
63
80
798
314
126
640
884
892
970
486
908
893
572
489
782
786
709
332
857
339
647
54
728
169
689
440
405
257
425
191
947
396
439
958
456
128
482
659
808
144
766
395
288
34
826
560
937
720
506
180
661
489
346
940
428
147
657
167
655
503
401
171
944
215
454
443
879
7
323
909
256
520
564
650
658
96
707
520
977
744
45
991
550
587
429
461
65
17
487
878
213
718
194
285
945
566
680
152
697
649
739
701
232
428
922
703
830
58
724
793
610
468
771
738
763
318
489
68
196
674
327
483
38
110
204
851
495
565
467
841
256
894
288
268
125
718
42
332
53
51
757
366
137
494
392
576
699
906
200
677
270
56
588
679
405
942
969
949
308
771
451
358
610
675
768
156
948
99
565
324
281
319
217
387
495
45
938
788
727
445
593
458
306
961
924
106
603
877
303
881
793
151
331
844
474
130
47
752
121
510
527
569
321
862
128
670
310
199
521
710
712
219
249
342
378
852
867
949
779
278
191
572
551
107
446
255
14
754
929
432
241
919
545
741
970
848
321
599
690
703
803
997
17
752
572
652
914
169
264
219
922
887
589
923
38
720
474
20
627
830
58
775
860
721
622
603
681
372
289
445
619
582
506
643
667
708
57
715
119
269
463
460
738
625
430
370
546
143
900
427
835
567
949
243
583
432
444
286
152
681
501
978
950
545
39
929
806
212
940
762
119
761
221
289
788
963
866
322
725
855
736
809
647
894
728
148
740
807
119
401
814
357
90
127
609
389
910
650
511
469
208
509
571
899
304
95
260
624
902
317
392
65
432
948
105
480
86
147
305
921
435
281
524
389
852
50
190
171
771
890
350
374
157
863
764
553
906
920
49
152
930
212
892
750
212
928
796
120
623
16
217
1
535
906
405
752
239
433
219
893
332
712
119
414
737
904
975
360
866
930
39
248
451
246
276
211
427
627
226
960
668
441
482
884
468
619
792
430
351
165
512
332
405
427
183
766
9
408
729
695
472
132
202
474
574
284
80
371
803
387
857
365
4
679
616
134
622
96
808
354
465
581
545
243
846
640
775
292
996
563
14
46
192
33
791
172
12
845
539
881
132
885
359
507
641
721
40
186
209
604
399
452
198
125
526
684
963
785
220
688
783
499
939
670
682
876
392
471
915
201
979
61
587
811
171
658
951
69
627
868
992
202
149
378
177
585
49
98
399
812
299
608
590
523
913
249
949
6
490
51
155
295
580
767
609
799
180
404
746
849
622
166
814
604
251
405
152
189
138
119
369
391
440
288
90
110
159
879
405
831
201
335
752
820
162
907
18
101
884
620
641
484
467
81
38
206
368
611
323
526
916
712
139
370
368
583
530
809
335
969
675
970
178
556
381
249
334
699
892
919
314
653
43
122
141
984
489
734
439
288
671
369
136
622
115
466
46
915
479
362
332
97
602
169
238
115
69
277
405
628
132
562
954
234
989
204
474
266
420
55
473
521
980
106
138
545
684
349
436
44
227
457
773
137
513
778
494
619
309
180
316
185
228
206
785
655
274
222
435
231
430
943
837
657
755
115
522
910
106
816
514
904
466
173
22
383
648
341
260
410
129
678
653
222
956
479
1000
997
838
876
178
442
870
219
646
839
825
5
861
418
764
393
44
815
474
102
375
254
129
723
499
783
576
289
7
636
517
140
603
797
298
298
251
488
440
636
778
303
159
684
66
947
35
165
15
997
578
371
119
23
918
304
385
394
277
711
845
82
8
750
219
429
249
218
966
413
575
506
285
506
410
748
380
876
942
691
810
38
224
500
978
357
822
13
5
765
993
203
625
570
838
802
474
466
746
163
647
105
453
839
557
172
331
690
313
835
434
806
265
707
502
404
19
768
198
142
752
326
14
187
395
112
580
238
6
641
516
493
176
202
997
15
283
779
991
491
611
805
37
680
72
782
95
321
847
913
198
916
645
904
568
13
485
704
575
80
567
682
69
328
672
711
618
555
724
435
558
177
361
925
394
248
400
434
834
552
322
790
703
462
585
330
517
487
45
123
832
367
50
654
951
138
113
589
39
79
147
596
279
968
298
231
916
675
814
146
178
615
445
870
751
686
768
659
356
564
788
584
837
358
616
656
887
728
191
422
534
408
254
205
120
641
511
360
293
897
996
765
954
317
882
270
672
700
379
69
271
442
358
129
209
556
262
853
717
953
491
514
479
90
430
740
811
98
332
231
295
529
538
636
641
340
777
620
614
611
45
844
412
308
828
264
666
656
242
859
561
923
825
256
222
700
834
206
737
964
498
188
606
321
574
609
224
565
323
464
994
425
293
885
403
402
506
316
391
827
346
516
791
565
942
81
785
682
201
263
210
186
574
918
708
421
143
683
535
604
117
999
251
774
660
456
918
439
24
889
299
59
480
754
293
495
870
310
344
477
25
817
942
243
153
48
859
397
260
118
933
87
414
270
625
986
850
488
142
290
36
527
52
274
547
399
145
859
110
486
357
107
521
414
47
76
305
577
356
415
89
703
778
213
695
637
994
630
273
186
9
70
701
926
729
179
979
680
351
165
140
338
843
298
846
782
808
429
639
694
505
599
664
438
254
544
873
424
596
108
455
869
322
179
959
360
349
964
988
197
146
847
57
377
446
879
83
361
815
235
330
303
939
862
338
569
949
953
605
718
217
625
365
809
80
942
602
644
810
349
963
522
157
909
757
952
25
849
276
238
108
873
913
644
481
2
299
514
136
554
346
881
73
819
413
968
138
351
468
85
380
672
273
363
444
647
331
108
290
550
668
599
285
633
649
695
832
586
382
399
904
827
863
203
40
666
137
851
609
574
271
614
123
843
166
679
709
859
770
159
523
380
845
586
758
837
735
706
935
137
73
16
77
737
94
731
371
596
175
85
549
842
376
961
143
893
582
924
534
256
254
260
415
751
55
606
631
835
37
536
148
71
210
676
985
6
277
506
601
142
284
356
631
781
978
147
623
799
31
851
804
177
154
117
94
302
967
782
351
130
84
726
234
376
680
902
311
807
715
926
894
684
568
553
976
924
893
550
465
236
849
250
550
676
400
66
827
524
65
382
6
742
373
603
268
62
66
212
274
148
776
788
635
210
7
579
237
365
674
172
580
179
878
572
170
241
213
199
624
891
92
261
664
293
362
90
332
330
764
223
360
763
411
80
112
680
731
548
737
788
895
954
669
725
888
226
951
288
637
595
145
395
440
137
689
429
686
418
541
327
233
89
